 PopII_salpeter_Z0.02     
 frequency(Hz), dndM(M_sun^{-1} Hz^{-1})
   0.329670E+17   0.408649E+40
   0.319149E+17   0.524250E+40
   0.312500E+17   0.592857E+40
   0.306122E+17   0.204032E+41
   0.300000E+17   0.534299E+41
   0.294118E+17   0.609531E+41
   0.288462E+17   0.621243E+41
   0.283019E+17   0.669317E+41
   0.277778E+17   0.723786E+41
   0.272727E+17   0.861342E+41
   0.263158E+17   0.997853E+41
   0.254237E+17   0.108922E+42
   0.247934E+17   0.159600E+42
   0.240000E+17   0.184022E+42
   0.236220E+17   0.197250E+42
   0.234375E+17   0.205389E+42
   0.229008E+17   0.215048E+42
   0.227273E+17   0.231379E+42
   0.223881E+17   0.234762E+42
   0.218978E+17   0.280705E+42
   0.214286E+17   0.301747E+42
   0.209790E+17   0.495112E+42
   0.204082E+17   0.803613E+42
   0.198675E+17   0.829464E+42
   0.193548E+17   0.958978E+42
   0.188679E+17   0.104418E+43
   0.185185E+17   0.110887E+43
   0.180723E+17   0.120824E+43
   0.176471E+17   0.130415E+43
   0.173410E+17   0.126556E+43
   0.169492E+17   0.149360E+43
   0.166667E+17   0.157894E+43
   0.164835E+17   0.163565E+43
   0.161290E+17   0.175645E+43
   0.157068E+17   0.191475E+43
   0.154639E+17   0.202650E+43
   0.151515E+17   0.215811E+43
   0.148515E+17   0.231176E+43
   0.146341E+17   0.242219E+43
   0.142857E+17   0.252378E+43
   0.138889E+17   0.286113E+43
   0.136364E+17   0.304989E+43
   0.134529E+17   0.314592E+43
   0.132159E+17   0.337466E+43
   0.130435E+17   0.459999E+43
   0.128205E+17   0.764028E+43
   0.125000E+17   0.939924E+43
   0.121951E+17   0.942400E+43
   0.119048E+17   0.106841E+44
   0.116732E+17   0.103653E+44
   0.115385E+17   0.115508E+44
   0.113636E+17   0.161537E+44
   0.111524E+17   0.178257E+44
   0.109489E+17   0.193246E+44
   0.107527E+17   0.172251E+44
   0.105634E+17   0.225011E+44
   0.103448E+17   0.254081E+44
   0.101351E+17   0.245312E+44
   0.996678E+16   0.233401E+44
   0.974026E+16   0.278008E+44
   0.943396E+16   0.303899E+44
   0.914634E+16   0.349858E+44
   0.887574E+16   0.362566E+44
   0.862069E+16   0.373638E+44
   0.840336E+16   0.563895E+44
   0.819672E+16   0.956233E+44
   0.800000E+16   0.100751E+45
   0.779221E+16   0.850811E+44
   0.759494E+16   0.138928E+45
   0.740741E+16   0.185961E+45
   0.724638E+16   0.195740E+45
   0.710900E+16   0.186039E+45
   0.697674E+16   0.186165E+45
   0.680272E+16   0.233254E+45
   0.665188E+16   0.252244E+45
   0.652174E+16   0.232022E+45
   0.638298E+16   0.249440E+45
   0.625000E+16   0.296790E+45
   0.612245E+16   0.261718E+45
   0.600000E+16   0.342105E+45
   0.592885E+16   0.298293E+45
   0.585938E+16   0.476560E+45
   0.576923E+16   0.468468E+45
   0.566038E+16   0.451759E+45
   0.555556E+16   0.385832E+45
   0.545455E+16   0.386868E+45
   0.535714E+16   0.530703E+45
   0.526316E+16   0.618268E+45
   0.517241E+16   0.627883E+45
   0.508475E+16   0.661930E+45
   0.500000E+16   0.576467E+45
   0.491803E+16   0.571455E+45
   0.483871E+16   0.751809E+45
   0.476190E+16   0.728804E+45
   0.468750E+16   0.831742E+45
   0.461538E+16   0.822975E+45
   0.455927E+16   0.773597E+45
   0.451128E+16   0.891889E+45
   0.444444E+16   0.962448E+45
   0.437956E+16   0.852438E+45
   0.431655E+16   0.101032E+46
   0.425532E+16   0.843077E+45
   0.418994E+16   0.110050E+46
   0.413223E+16   0.114307E+46
   0.408163E+16   0.117407E+46
   0.402685E+16   0.116356E+46
   0.397351E+16   0.118383E+46
   0.392157E+16   0.108594E+46
   0.387097E+16   0.124283E+46
   0.382166E+16   0.115780E+46
   0.377358E+16   0.128106E+46
   0.372671E+16   0.134845E+46
   0.368098E+16   0.138615E+46
   0.363636E+16   0.143692E+46
   0.359281E+16   0.117819E+46
   0.355030E+16   0.147240E+46
   0.350877E+16   0.147615E+46
   0.346821E+16   0.156155E+46
   0.342857E+16   0.160057E+46
   0.338983E+16   0.163400E+46
   0.335196E+16   0.167122E+46
   0.331492E+16   0.167234E+46
