 PopIII_larsonth_star     
 frequency(Hz), dndM(M_sun^{-1} Hz^{-1})
   0.600000E+17   0.507144E+42
   0.545455E+17   0.102717E+43
   0.500000E+17   0.186902E+43
   0.461538E+17   0.315585E+43
   0.428571E+17   0.503134E+43
   0.400000E+17   0.759750E+43
   0.375000E+17   0.112191E+44
   0.352941E+17   0.160572E+44
   0.333333E+17   0.219325E+44
   0.315789E+17   0.300887E+44
   0.300000E+17   0.395322E+44
   0.285714E+17   0.516050E+44
   0.272727E+17   0.667303E+44
   0.260870E+17   0.833116E+44
   0.250000E+17   0.103002E+45
   0.240000E+17   0.127003E+45
   0.230769E+17   0.155057E+45
   0.222222E+17   0.188683E+45
   0.214286E+17   0.227073E+45
   0.206897E+17   0.270468E+45
   0.200000E+17   0.321981E+45
   0.193548E+17   0.377694E+45
   0.187500E+17   0.444662E+45
   0.181818E+17   0.515998E+45
   0.176471E+17   0.600323E+45
   0.171429E+17   0.691266E+45
   0.166667E+17   0.792879E+45
   0.162162E+17   0.907910E+45
   0.157895E+17   0.102921E+46
   0.153846E+17   0.116686E+46
   0.150000E+17   0.131926E+46
   0.146341E+17   0.147856E+46
   0.142857E+17   0.165076E+46
   0.139535E+17   0.184607E+46
   0.136364E+17   0.204929E+46
   0.133333E+17   0.225980E+46
   0.130435E+17   0.285345E+46
   0.127660E+17   0.293553E+46
   0.125000E+17   0.309389E+46
   0.122449E+17   0.322545E+46
   0.120000E+17   0.336194E+46
   0.117647E+17   0.348045E+46
   0.115385E+17   0.362085E+46
   0.113208E+17   0.375216E+46
   0.111111E+17   0.388052E+46
   0.109091E+17   0.400822E+46
   0.107143E+17   0.413455E+46
   0.105263E+17   0.425990E+46
   0.103448E+17   0.438412E+46
   0.101695E+17   0.450700E+46
   0.100000E+17   0.462627E+46
   0.983607E+16   0.473029E+46
   0.967742E+16   0.486665E+46
   0.952381E+16   0.498366E+46
   0.937500E+16   0.509876E+46
   0.923077E+16   0.521235E+46
   0.909091E+16   0.532402E+46
   0.895522E+16   0.543432E+46
   0.882353E+16   0.554237E+46
   0.869565E+16   0.564893E+46
   0.857143E+16   0.575342E+46
   0.845070E+16   0.585612E+46
   0.833333E+16   0.595684E+46
   0.821918E+16   0.605598E+46
   0.810811E+16   0.615287E+46
   0.800000E+16   0.624812E+46
   0.789474E+16   0.634118E+46
   0.779221E+16   0.643251E+46
   0.769231E+16   0.652186E+46
   0.759494E+16   0.660928E+46
   0.750000E+16   0.669498E+46
   0.740741E+16   0.677852E+46
   0.731707E+16   0.686037E+46
   0.722892E+16   0.694044E+46
   0.714286E+16   0.701866E+46
   0.705882E+16   0.709512E+46
   0.697674E+16   0.716973E+46
   0.689655E+16   0.724238E+46
   0.681818E+16   0.731326E+46
   0.674157E+16   0.738266E+46
   0.666667E+16   0.745035E+46
   0.659341E+16   0.751599E+46
   0.652174E+16   0.758035E+46
   0.645161E+16   0.764265E+46
   0.638298E+16   0.770374E+46
   0.631579E+16   0.776305E+46
   0.625000E+16   0.782055E+46
   0.618557E+16   0.787694E+46
   0.612245E+16   0.793172E+46
   0.606061E+16   0.798502E+46
   0.600000E+16   0.803650E+46
   0.594059E+16   0.809330E+46
   0.588235E+16   0.812939E+46
   0.582524E+16   0.818847E+46
   0.576923E+16   0.823399E+46
   0.571429E+16   0.827816E+46
   0.566038E+16   0.832072E+46
   0.560748E+16   0.836240E+46
   0.555556E+16   0.840242E+46
   0.550459E+16   0.844135E+46
   0.545455E+16   0.847939E+46
   0.540541E+16   0.851568E+46
   0.535714E+16   0.855116E+46
   0.530973E+16   0.858513E+46
   0.526316E+16   0.861802E+46
   0.521739E+16   0.865002E+46
   0.517241E+16   0.868098E+46
   0.512821E+16   0.871067E+46
   0.508475E+16   0.873911E+46
   0.504202E+16   0.876707E+46
   0.500000E+16   0.879340E+46
   0.495868E+16   0.881919E+46
   0.491803E+16   0.884388E+46
   0.487805E+16   0.886784E+46
   0.483871E+16   0.889073E+46
   0.480000E+16   0.891310E+46
   0.476190E+16   0.893378E+46
   0.472441E+16   0.895443E+46
   0.468750E+16   0.897405E+46
   0.465116E+16   0.899248E+46
   0.461538E+16   0.901046E+46
   0.458015E+16   0.902759E+46
   0.454545E+16   0.904425E+46
   0.451128E+16   0.905956E+46
   0.447761E+16   0.907460E+46
   0.444444E+16   0.908888E+46
   0.441176E+16   0.910230E+46
   0.437956E+16   0.911539E+46
   0.434783E+16   0.912764E+46
   0.431655E+16   0.913945E+46
   0.428571E+16   0.915005E+46
   0.425532E+16   0.916031E+46
   0.422535E+16   0.917049E+46
   0.419580E+16   0.917961E+46
   0.416667E+16   0.918839E+46
   0.413793E+16   0.919646E+46
   0.410959E+16   0.920403E+46
   0.408163E+16   0.921116E+46
   0.405405E+16   0.921773E+46
   0.402685E+16   0.922382E+46
   0.400000E+16   0.922939E+46
   0.397351E+16   0.923453E+46
   0.394737E+16   0.923921E+46
   0.392157E+16   0.924346E+46
   0.389610E+16   0.924713E+46
   0.387097E+16   0.925056E+46
   0.384615E+16   0.925350E+46
   0.382166E+16   0.925605E+46
   0.379747E+16   0.925821E+46
   0.377358E+16   0.926000E+46
   0.375000E+16   0.926130E+46
   0.372671E+16   0.926233E+46
   0.370370E+16   0.926296E+46
   0.368098E+16   0.926324E+46
   0.365854E+16   0.926329E+46
   0.363636E+16   0.926285E+46
   0.361446E+16   0.926221E+46
   0.359281E+16   0.926113E+46
   0.357143E+16   0.925988E+46
   0.355030E+16   0.925833E+46
   0.352941E+16   0.925641E+46
   0.350877E+16   0.925418E+46
   0.348837E+16   0.925177E+46
   0.346821E+16   0.924897E+46
   0.344828E+16   0.924598E+46
   0.342857E+16   0.924274E+46
   0.340909E+16   0.923924E+46
   0.338983E+16   0.923543E+46
   0.337079E+16   0.923146E+46
   0.335196E+16   0.922716E+46
   0.333333E+16   0.922271E+46
   0.331492E+16   0.921802E+46
   0.329670E+16   0.921302E+46
