   0.000000E+00   0.986787E+48
   0.100000E+07   0.986787E+48
   0.200000E+07   0.579044E+48
   0.300000E+07   0.105446E+48
   0.400000E+07   0.377269E+47
   0.500000E+07   0.170961E+47
   0.600000E+07   0.960048E+46
   0.700000E+07   0.618034E+46
   0.800000E+07   0.454474E+46
   0.900000E+07   0.274159E+46
   0.100000E+08   0.227600E+46
   0.110000E+08   0.151304E+46
   0.120000E+08   0.120755E+46
   0.130000E+08   0.947338E+45
   0.140000E+08   0.728294E+45
   0.150000E+08   0.546340E+45
   0.160000E+08   0.397491E+45
   0.170000E+08   0.277897E+45
   0.180000E+08   0.183881E+45
   0.190000E+08   0.183881E+45
