   0.000000E+00   0.440674E+48
   0.100000E+07   0.440674E+48
   0.200000E+07   0.326795E+48
   0.300000E+07   0.127414E+48
   0.400000E+07   0.683862E+47
   0.500000E+07   0.410389E+47
   0.600000E+07   0.279803E+47
   0.700000E+07   0.206825E+47
   0.800000E+07   0.166305E+47
   0.900000E+07   0.114517E+47
   0.100000E+08   0.993507E+46
   0.110000E+08   0.721238E+46
   0.120000E+08   0.601296E+46
   0.130000E+08   0.492481E+46
   0.140000E+08   0.394881E+46
   0.150000E+08   0.308463E+46
   0.160000E+08   0.233082E+46
   0.170000E+08   0.168480E+46
   0.180000E+08   0.114291E+46
   0.190000E+08   0.114291E+46
