z	tau_eff	scal	temp	scal	gamma	scal	Omegam	scal	sigma8	scal	delta
2.40	0.0896	-1.58	25430	-0.55	1.4	0.97	0.308	-1.00	0.829	-0.90	4.39
2.80	0.1385	-1.66	22630	-0.54	1.4	0.97	0.308	-1.04	0.829	-0.99	3.35
3.20	0.2071	-1.67	18460	-0.55	1.4	0.92	0.308	-1.04	0.829	-0.99	2.62
3.60	0.2875	-1.69	13870	-0.555	1.4	0.87	0.308	-1.16	0.829	-1.26	2.02
4.00	0.3827	-1.70	11160	-0.56	1.4	0.82	0.308	-1.16	0.829	-1.26	1.64
4.40	0.4777	-1.73	9330	-0.57	1.4	0.79	0.308	-1.16	0.829	-1.26	1.40
4.75	0.6164	-1.75	8930	-0.57	1.4	0.75	0.308	-1.16	0.829	-1.26	1.23
5.00	0.8962	-1.74	10000	-0.57	1.3	0.81	0.26	-1.27	0.85	-1.63	1.00
6.00	2.3979	-1.88	10000	-0.61	1.3	1.07	0.26	-1.38	0.85	-1.90	1.00
