 z, Gamma, Gamma_max, Gamma_min, sigma_8_scaling
   2.40000010       1.18558431       1.60712540      0.847664177     -0.899999976    
   2.79999995      0.941535652       1.26707232      0.696012914     -0.990000010    
   3.20000005      0.930514514       1.25483835      0.704077542      -1.25999999    
   3.59999990      0.747039258       1.00943673      0.568683684      -1.63000000    
   4.00000000      0.660274565      0.901153922      0.504365563      -1.89999998    
   4.40000010      0.599412441      0.827402115      0.452847630      -1.89999998    
   4.75000000      0.561647415      0.804927886      0.400661826      -1.89999998    
   5.00000000      0.423303425      0.693497062      0.243174314      -1.63000000    
   6.00000000      0.260968834      0.521937668      0.130484417      -1.89999998    
