    2.4000    0.8145    0.8200    0.8090
    2.6000    0.7747    0.8180    0.7280
    2.8000    0.7443    0.8000    0.6950
    3.0000    0.7179    0.7880    0.6920
    3.2000    0.7197    0.7670    0.6750
    3.4000    0.6575    0.6870    0.6280
    3.6000    0.5750    0.5970    0.5530
    3.8000    0.5177    0.5630    0.4950
    4.0000    0.4440    0.4870    0.3880
    4.2000    0.4228    0.4910    0.3000
    4.4000    0.3815    0.4390    0.3280
    4.6000    0.2852    0.3760    0.2150
    4.8000    0.2420    0.2460    0.2380
    5.0000    0.1265    0.1820    0.0530
    5.2000    0.0997    0.1650    0.0205
    5.4000    0.0862    0.1661    0.0077
    5.6000    0.0626    0.1127    0.0117
    5.8000    0.0226    0.0687   -0.0165
    6.0000    0.0044    0.0125   -0.0071
