    3.0600    0.7350    0.8200    0.6270
    3.1800    0.7180    0.7850    0.6240
    3.2700    0.7070    0.8010    0.6160
    3.5200    0.6410    0.7000    0.5850
    4.0500    0.5020    0.6110    0.3940
    4.3000    0.5020    0.5820    0.4330
    4.4200    0.4570    0.5600    0.3800
    4.5900    0.3780    0.6250    0.2000
    4.7100    0.2530    0.4130   -0.0130
    4.8100    0.2430    0.3280    0.0850
    4.9500    0.2580    0.3530    0.1620
    5.6000    0.0706    0.0898    0.0557
    5.8000    0.0439    0.0607    0.0300
    6.0000    0.0132    0.0305   -0.0036
