zmean   zmin    zmax   log10(tmean) log10(tmin) log10(tmax)
1.96 	1.85 	2.09    4.050 3.900 4.350    
2.29 	2.23 	2.38    4.150 3.950 4.300
2.21 	2.10 	2.33    4.075 4.000 4.150
2.50 	2.33 	2.63    4.150 4.050 4.250
2.59 	2.48 	2.71    4.200 4.150 4.250
2.84 	2.71 	2.95    4.350 4.200 4.375
2.66 	2.55 	2.88    4.250 4.150 4.350
3.00 	2.89 	3.14    4.350 4.275 4.450
3.08 	2.91 	3.22    4.300 4.275 4.325
3.37 	3.22 	3.53    4.350 4.150 4.500
3.23 	3.15 	3.42    4.200 4.150 4.225
3.55 	3.43 	3.70    4.025 3.925 4.150
3.72 	3.61 	3.81    4.100 4.050 4.200
3.91 	3.81 	4.01    4.100 4.000 4.250
3.84 	3.69 	4.02    4.200 4.050 4.300
4.31 	4.15 	4.43    4.050 3.950 4.300


