# Weight, Lnprob, different params
     1 8.943840e+00 2.777252e-03 3.019744e-03 1.282392e-03 2.803576e-03 2.027614e-04 3.389924e-03 4.998578e+00 4.770530e-02 1.000000e+00
     1 8.943840e+00 2.777252e-03 3.019744e-03 1.282392e-03 2.803576e-03 2.027614e-04 3.389924e-03 4.998578e+00 4.770530e-02 1.000000e+00
     1 8.943840e+00 2.777252e-03 3.019744e-03 1.282392e-03 2.803576e-03 2.027614e-04 3.389924e-03 4.998578e+00 4.770530e-02 1.000000e+00
     1 8.943840e+00 2.777252e-03 3.019744e-03 1.282392e-03 2.803576e-03 2.027614e-04 3.389924e-03 4.998578e+00 4.770530e-02 1.000000e+00
     1 8.943840e+00 2.777252e-03 3.019744e-03 1.282392e-03 2.803576e-03 2.027614e-04 3.389924e-03 4.998578e+00 4.770530e-02 1.000000e+00
     1 8.943840e+00 2.777252e-03 3.019744e-03 1.282392e-03 2.803576e-03 2.027614e-04 3.389924e-03 4.998578e+00 4.770530e-02 1.000000e+00
     1 8.943840e+00 2.777252e-03 3.019744e-03 1.282392e-03 2.803576e-03 2.027614e-04 3.389924e-03 4.998578e+00 4.770530e-02 1.000000e+00
     1 8.943840e+00 2.777252e-03 3.019744e-03 1.282392e-03 2.803576e-03 2.027614e-04 3.389924e-03 4.998578e+00 4.770530e-02 1.000000e+00
     1 7.915609e+00 2.766878e-03 3.299018e-03 1.432507e-03 2.861651e-03 3.846107e-04 3.348105e-03 4.999019e+00 4.917046e-02 1.000000e+00
     1 7.225166e+00 2.807498e-03 3.343961e-03 1.503672e-03 2.929670e-03 2.843755e-05 3.366450e-03 4.998746e+00 4.948357e-02 1.000000e+00
