# Weight, Lnprob, different params
     1 inf 2.185352e-03 1.687079e-03 1.595288e-03 3.177878e-03 2.748081e-03 5.763653e-03 4.999278e+00 4.033526e-02 6.840779e-01
     1 inf 2.185352e-03 1.687079e-03 1.595288e-03 3.177878e-03 2.748081e-03 5.763653e-03 4.999278e+00 4.033526e-02 6.840779e-01
     1 inf 2.185352e-03 1.687079e-03 1.595288e-03 3.177878e-03 2.748081e-03 5.763653e-03 4.999278e+00 4.033526e-02 6.840779e-01
     1 inf 2.185352e-03 1.687079e-03 1.595288e-03 3.177878e-03 2.748081e-03 5.763653e-03 4.999278e+00 4.033526e-02 6.840779e-01
     1 inf 2.185352e-03 1.687079e-03 1.595288e-03 3.177878e-03 2.748081e-03 5.763653e-03 4.999278e+00 4.033526e-02 6.840779e-01
     1 inf 2.185352e-03 1.687079e-03 1.595288e-03 3.177878e-03 2.748081e-03 5.763653e-03 4.999278e+00 4.033526e-02 6.840779e-01
     1 inf 2.185352e-03 1.687079e-03 1.595288e-03 3.177878e-03 2.748081e-03 5.763653e-03 4.999278e+00 4.033526e-02 6.840779e-01
     1 inf 2.185352e-03 1.687079e-03 1.595288e-03 3.177878e-03 2.748081e-03 5.763653e-03 4.999278e+00 4.033526e-02 6.840779e-01
     1 inf 2.185352e-03 1.687079e-03 1.595288e-03 3.177878e-03 2.748081e-03 5.763653e-03 4.999278e+00 4.033526e-02 6.840779e-01
     1 inf 2.185352e-03 1.687079e-03 1.595288e-03 3.177878e-03 2.748081e-03 5.763653e-03 4.999278e+00 4.033526e-02 6.840779e-01
