# Weight, Lnprob, different params
     1 1.509497e+01 2.493284e-03 3.825910e-03 2.227288e-03 3.293214e-03 2.204323e-03 4.212085e-03 5.001034e+00 5.258015e-02 1.000000e+00
     1 1.509497e+01 2.493284e-03 3.825910e-03 2.227288e-03 3.293214e-03 2.204323e-03 4.212085e-03 5.001034e+00 5.258015e-02 1.000000e+00
     1 1.531136e+01 2.486725e-03 3.815490e-03 2.205776e-03 3.275526e-03 2.196990e-03 4.230098e-03 5.001024e+00 5.250620e-02 1.000000e+00
     1 1.895789e+01 2.721627e-03 5.474455e-03 2.681614e-03 3.351636e-03 1.767449e-03 3.034785e-03 5.002385e+00 5.837686e-02 1.000000e+00
     1 1.895789e+01 2.721627e-03 5.474455e-03 2.681614e-03 3.351636e-03 1.767449e-03 3.034785e-03 5.002385e+00 5.837686e-02 1.000000e+00
     1 1.895789e+01 2.721627e-03 5.474455e-03 2.681614e-03 3.351636e-03 1.767449e-03 3.034785e-03 5.002385e+00 5.837686e-02 1.000000e+00
     1 1.812973e+01 2.712332e-03 5.381963e-03 2.628187e-03 3.304146e-03 1.797571e-03 3.055149e-03 5.002325e+00 5.806186e-02 1.000000e+00
     1 1.901657e+01 2.686740e-03 5.456523e-03 2.592209e-03 3.310302e-03 1.789470e-03 3.025030e-03 5.002424e+00 5.820269e-02 1.000000e+00
     1 1.901657e+01 2.686740e-03 5.456523e-03 2.592209e-03 3.310302e-03 1.789470e-03 3.025030e-03 5.002424e+00 5.820269e-02 1.000000e+00
     1 1.901657e+01 2.686740e-03 5.456523e-03 2.592209e-03 3.310302e-03 1.789470e-03 3.025030e-03 5.002424e+00 5.820269e-02 1.000000e+00
