# Weight, Lnprob, different params     1 5.792318e+00 2.899725e-03 3.440094e-03 2.638831e-03 2.885984e-03 3.905082e-03 3.138701e-03 5.185727e-02
     1 5.792318e+00 2.899725e-03 3.440094e-03 2.638831e-03 2.885984e-03 3.905082e-03 3.138701e-03 5.185727e-02
     1 8.444529e+00 2.783787e-03 4.031005e-03 4.268643e-03 2.627235e-03 5.593129e-03 3.334671e-03 5.686655e-02
     1 8.444529e+00 2.783787e-03 4.031005e-03 4.268643e-03 2.627235e-03 5.593129e-03 3.334671e-03 5.686655e-02
     1 8.444529e+00 2.783787e-03 4.031005e-03 4.268643e-03 2.627235e-03 5.593129e-03 3.334671e-03 5.686655e-02
     1 8.210764e+00 2.786246e-03 4.010257e-03 4.091551e-03 2.695891e-03 5.471272e-03 3.418636e-03 5.650698e-02
     1 5.730652e+00 2.927748e-03 4.876555e-03 5.864327e-03 3.095736e-03 7.858656e-03 3.481350e-03 6.241094e-02
     1 6.927949e+00 2.826517e-03 5.029411e-03 7.093564e-03 3.015259e-03 9.700984e-03 3.404473e-03 6.475054e-02
     1 8.578404e+00 2.744659e-03 6.086559e-03 1.136077e-02 3.285515e-03 1.736054e-02 4.101164e-03 7.330866e-02
     1 8.578404e+00 2.744659e-03 6.086559e-03 1.136077e-02 3.285515e-03 1.736054e-02 4.101164e-03 7.330866e-02
