# Weight, Lnprob, different params     1 2.984973e+01 3.890660e-03 4.694581e-03 1.702839e-03 4.357287e-03 1.400872e-03 4.451746e-03 5.450408e-02
     1 2.984973e+01 3.890660e-03 4.694581e-03 1.702839e-03 4.357287e-03 1.400872e-03 4.451746e-03 5.450408e-02
     1 2.581659e+01 3.732627e-03 4.662695e-03 1.654148e-03 4.110624e-03 1.459898e-03 4.132105e-03 5.434712e-02
     1 2.581659e+01 3.732627e-03 4.662695e-03 1.654148e-03 4.110624e-03 1.459898e-03 4.132105e-03 5.434712e-02
     1 2.581659e+01 3.732627e-03 4.662695e-03 1.654148e-03 4.110624e-03 1.459898e-03 4.132105e-03 5.434712e-02
     1 2.581659e+01 3.732627e-03 4.662695e-03 1.654148e-03 4.110624e-03 1.459898e-03 4.132105e-03 5.434712e-02
     1 2.745058e+01 3.788266e-03 4.699594e-03 1.650216e-03 4.200133e-03 1.443292e-03 4.179129e-03 5.444709e-02
     1 2.097659e+01 3.561433e-03 4.609334e-03 9.590275e-04 3.790184e-03 9.904573e-04 4.032165e-03 5.316774e-02
     1 2.097659e+01 3.561433e-03 4.609334e-03 9.590275e-04 3.790184e-03 9.904573e-04 4.032165e-03 5.316774e-02
     1 2.174507e+01 3.570329e-03 4.701179e-03 7.502773e-04 3.769722e-03 1.007665e-03 4.163252e-03 5.312720e-02
