# Weight, Lnprob, different params
     1 1.884726e+01 2.471598e-03 3.089526e-03 1.207490e-03 3.460482e-03 9.966535e-04 2.316665e-03 5.000250e+00 4.787097e-02 1.000000e+00
     1 1.884726e+01 2.471598e-03 3.089526e-03 1.207490e-03 3.460482e-03 9.966535e-04 2.316665e-03 5.000250e+00 4.787097e-02 1.000000e+00
     1 1.203994e+01 2.651752e-03 2.969194e-03 7.772697e-04 4.198174e-03 1.148312e-03 1.925106e-03 5.000461e+00 4.672629e-02 1.000000e+00
     1 1.203994e+01 2.651752e-03 2.969194e-03 7.772697e-04 4.198174e-03 1.148312e-03 1.925106e-03 5.000461e+00 4.672629e-02 1.000000e+00
     1 1.203994e+01 2.651752e-03 2.969194e-03 7.772697e-04 4.198174e-03 1.148312e-03 1.925106e-03 5.000461e+00 4.672629e-02 1.000000e+00
     1 1.149434e+01 2.670993e-03 2.963889e-03 7.229396e-04 4.325189e-03 1.143535e-03 1.868397e-03 5.000520e+00 4.662869e-02 1.000000e+00
     1 1.109916e+01 2.693947e-03 2.947468e-03 6.642740e-04 4.660159e-03 9.273130e-04 1.616503e-03 5.000522e+00 4.648350e-02 1.000000e+00
     1 7.983315e+00 2.822904e-03 3.585561e-03 5.522337e-04 4.143278e-03 1.138898e-03 1.941321e-03 5.000796e+00 4.903495e-02 1.000000e+00
     1 7.983315e+00 2.822904e-03 3.585561e-03 5.522337e-04 4.143278e-03 1.138898e-03 1.941321e-03 5.000796e+00 4.903495e-02 1.000000e+00
     1 8.191365e+00 2.803592e-03 3.586614e-03 6.159015e-04 4.126240e-03 1.163899e-03 1.964158e-03 5.000760e+00 4.913446e-02 1.000000e+00
