# Weight, Lnprob, different params     1 1.353829e+01 2.839387e-03 4.482468e-03 1.378940e-03 2.716432e-03 1.793525e-03 2.325433e-03 5.349913e-02
     1 1.353829e+01 2.839387e-03 4.482468e-03 1.378940e-03 2.716432e-03 1.793525e-03 2.325433e-03 5.349913e-02
     1 1.353829e+01 2.839387e-03 4.482468e-03 1.378940e-03 2.716432e-03 1.793525e-03 2.325433e-03 5.349913e-02
     1 1.353829e+01 2.839387e-03 4.482468e-03 1.378940e-03 2.716432e-03 1.793525e-03 2.325433e-03 5.349913e-02
     1 1.445462e+01 2.872135e-03 4.622575e-03 1.277252e-03 2.688845e-03 1.840330e-03 2.361878e-03 5.376089e-02
     1 1.738295e+01 3.243749e-03 4.788261e-03 2.424313e-03 3.117417e-03 2.862085e-03 1.526524e-03 5.615546e-02
     1 1.316448e+01 3.371693e-03 4.261178e-03 2.503247e-03 2.866307e-03 2.664981e-03 2.056484e-03 5.465416e-02
     1 1.316448e+01 3.371693e-03 4.261178e-03 2.503247e-03 2.866307e-03 2.664981e-03 2.056484e-03 5.465416e-02
     1 1.316448e+01 3.371693e-03 4.261178e-03 2.503247e-03 2.866307e-03 2.664981e-03 2.056484e-03 5.465416e-02
     1 1.316448e+01 3.371693e-03 4.261178e-03 2.503247e-03 2.866307e-03 2.664981e-03 2.056484e-03 5.465416e-02
