# Weight, Lnprob, different params     1 1.140157e+01 2.747182e-03 4.118205e-03 1.847162e-03 2.507435e-03 1.541186e-03 1.979982e-03 5.306395e-02
     1 1.140157e+01 2.747182e-03 4.118205e-03 1.847162e-03 2.507435e-03 1.541186e-03 1.979982e-03 5.306395e-02
     1 9.800241e+00 2.903133e-03 4.092074e-03 2.376043e-03 2.804234e-03 1.954454e-03 1.181537e-03 5.386645e-02
     1 9.800241e+00 2.903133e-03 4.092074e-03 2.376043e-03 2.804234e-03 1.954454e-03 1.181537e-03 5.386645e-02
     1 1.285743e+01 3.289677e-03 4.334312e-03 2.503718e-03 2.761539e-03 1.660646e-03 8.295542e-04 5.485800e-02
     1 1.285743e+01 3.289677e-03 4.334312e-03 2.503718e-03 2.761539e-03 1.660646e-03 8.295542e-04 5.485800e-02
     1 1.285743e+01 3.289677e-03 4.334312e-03 2.503718e-03 2.761539e-03 1.660646e-03 8.295542e-04 5.485800e-02
     1 1.304642e+01 3.360233e-03 4.326398e-03 2.710889e-03 2.805730e-03 1.736222e-03 6.223730e-04 5.517620e-02
     1 1.281531e+01 3.341641e-03 4.313131e-03 2.672960e-03 2.789118e-03 1.721459e-03 6.829015e-04 5.506896e-02
     1 1.281531e+01 3.341641e-03 4.313131e-03 2.672960e-03 2.789118e-03 1.721459e-03 6.829015e-04 5.506896e-02
