# Weight, Lnprob, different params
     1 5.228753e+01 2.046374e-03 3.328443e-03 2.180103e-03 2.483525e-03 2.426729e-03 3.196864e-03 5.000208e+00 5.043687e-02 1.000000e+00
     1 1.936778e+01 2.487436e-03 3.209200e-03 2.045122e-03 2.334577e-03 2.286543e-03 3.130769e-03 5.000205e+00 4.978487e-02 1.000000e+00
     1 1.936778e+01 2.487436e-03 3.209200e-03 2.045122e-03 2.334577e-03 2.286543e-03 3.130769e-03 5.000205e+00 4.978487e-02 1.000000e+00
     1 1.884416e+01 2.499501e-03 3.139420e-03 1.902035e-03 2.327992e-03 2.198369e-03 3.033733e-03 5.000002e+00 4.924504e-02 1.000000e+00
     1 1.886978e+01 2.498899e-03 3.142898e-03 1.909166e-03 2.328320e-03 2.202763e-03 3.038569e-03 5.000013e+00 4.927199e-02 1.000000e+00
     1 1.886978e+01 2.498899e-03 3.142898e-03 1.909166e-03 2.328320e-03 2.202763e-03 3.038569e-03 5.000013e+00 4.927199e-02 1.000000e+00
     1 1.035230e+01 2.676033e-03 3.298560e-03 1.890081e-03 2.454614e-03 2.160852e-03 3.157193e-03 5.000289e+00 4.997889e-02 1.000000e+00
     1 1.035230e+01 2.676033e-03 3.298560e-03 1.890081e-03 2.454614e-03 2.160852e-03 3.157193e-03 5.000289e+00 4.997889e-02 1.000000e+00
     1 1.035230e+01 2.676033e-03 3.298560e-03 1.890081e-03 2.454614e-03 2.160852e-03 3.157193e-03 5.000289e+00 4.997889e-02 1.000000e+00
     1 8.382815e+00 2.759131e-03 3.203696e-03 1.802397e-03 2.522160e-03 2.085305e-03 3.213079e-03 5.000288e+00 4.943922e-02 1.000000e+00
