# Weight, Lnprob, different params     1 2.521267e+01 3.802283e-03 4.367754e-03 1.716598e-03 2.546981e-03 1.243789e-03 2.911217e-03 5.352814e-02
     1 2.416446e+01 3.751698e-03 4.382847e-03 1.715821e-03 2.522169e-03 1.285178e-03 2.966149e-03 5.358271e-02
     1 2.416446e+01 3.751698e-03 4.382847e-03 1.715821e-03 2.522169e-03 1.285178e-03 2.966149e-03 5.358271e-02
     1 2.416446e+01 3.751698e-03 4.382847e-03 1.715821e-03 2.522169e-03 1.285178e-03 2.966149e-03 5.358271e-02
     1 1.950311e+01 3.516630e-03 4.424151e-03 1.747895e-03 2.443883e-03 1.476188e-03 3.077981e-03 5.380705e-02
     1 1.562335e+01 3.336921e-03 4.314740e-03 1.739427e-03 2.481655e-03 1.613514e-03 3.091237e-03 5.349076e-02
     1 1.547088e+01 3.422328e-03 4.275190e-03 1.855788e-03 2.528141e-03 1.745152e-03 3.056171e-03 5.355272e-02
     1 1.547088e+01 3.422328e-03 4.275190e-03 1.855788e-03 2.528141e-03 1.745152e-03 3.056171e-03 5.355272e-02
     1 1.547088e+01 3.422328e-03 4.275190e-03 1.855788e-03 2.528141e-03 1.745152e-03 3.056171e-03 5.355272e-02
     1 9.804721e+00 3.080102e-03 4.006251e-03 1.885820e-03 3.038355e-03 1.327456e-03 2.959012e-03 5.266455e-02
