# Weight, Lnprob, different params     1 inf 1.251219e-03 3.171647e-03 -1.195697e-05 2.225474e-03 1.900454e-03 2.380206e-03 1.000000e+00
     1 inf 1.251219e-03 3.171647e-03 -1.195697e-05 2.225474e-03 1.900454e-03 2.380206e-03 1.000000e+00
     1 2.101930e+01 2.559205e-03 2.669626e-03 1.395281e-03 2.046861e-03 1.890318e-03 3.268792e-03 4.618034e-02
     1 2.101930e+01 2.559205e-03 2.669626e-03 1.395281e-03 2.046861e-03 1.890318e-03 3.268792e-03 4.618034e-02
     1 2.101930e+01 2.559205e-03 2.669626e-03 1.395281e-03 2.046861e-03 1.890318e-03 3.268792e-03 4.618034e-02
     1 2.004871e+01 2.573622e-03 2.708552e-03 1.427766e-03 2.095081e-03 1.883975e-03 3.324400e-03 4.643392e-02
     1 2.004871e+01 2.573622e-03 2.708552e-03 1.427766e-03 2.095081e-03 1.883975e-03 3.324400e-03 4.643392e-02
     1 2.004871e+01 2.573622e-03 2.708552e-03 1.427766e-03 2.095081e-03 1.883975e-03 3.324400e-03 4.643392e-02
     1 2.004871e+01 2.573622e-03 2.708552e-03 1.427766e-03 2.095081e-03 1.883975e-03 3.324400e-03 4.643392e-02
     1 9.539821e+00 2.895546e-03 2.756871e-03 1.791963e-03 2.127055e-03 1.958951e-03 3.359074e-03 4.732609e-02
