# Weight, Lnprob, different params     1 7.520644e+00 2.901571e-03 3.780847e-03 2.255442e-03 2.685394e-03 1.226913e-03 2.706073e-03 5.245143e-02
     1 7.520644e+00 2.901571e-03 3.780847e-03 2.255442e-03 2.685394e-03 1.226913e-03 2.706073e-03 5.245143e-02
     1 7.520644e+00 2.901571e-03 3.780847e-03 2.255442e-03 2.685394e-03 1.226913e-03 2.706073e-03 5.245143e-02
     1 7.520644e+00 2.901571e-03 3.780847e-03 2.255442e-03 2.685394e-03 1.226913e-03 2.706073e-03 5.245143e-02
     1 7.520644e+00 2.901571e-03 3.780847e-03 2.255442e-03 2.685394e-03 1.226913e-03 2.706073e-03 5.245143e-02
     1 7.520644e+00 2.901571e-03 3.780847e-03 2.255442e-03 2.685394e-03 1.226913e-03 2.706073e-03 5.245143e-02
     1 7.279365e+00 2.927135e-03 3.729994e-03 1.848435e-03 2.683067e-03 2.860732e-04 2.548120e-03 5.156180e-02
     1 7.279365e+00 2.927135e-03 3.729994e-03 1.848435e-03 2.683067e-03 2.860732e-04 2.548120e-03 5.156180e-02
     1 7.279365e+00 2.927135e-03 3.729994e-03 1.848435e-03 2.683067e-03 2.860732e-04 2.548120e-03 5.156180e-02
     1 7.279365e+00 2.927135e-03 3.729994e-03 1.848435e-03 2.683067e-03 2.860732e-04 2.548120e-03 5.156180e-02
