# Weight, Lnprob, different params
     1 1.269058e+01 3.659287e-03 4.064706e-03 3.240473e-03 2.267430e-03 1.870944e-03 4.473166e-03 4.998232e+00 5.514301e-02 1.000000e+00
     1 1.269058e+01 3.659287e-03 4.064706e-03 3.240473e-03 2.267430e-03 1.870944e-03 4.473166e-03 4.998232e+00 5.514301e-02 1.000000e+00
     1 1.523505e+01 3.696769e-03 4.238781e-03 3.497261e-03 2.700777e-03 1.644579e-03 4.423492e-03 4.997627e+00 5.606157e-02 1.000000e+00
     1 1.523505e+01 3.696769e-03 4.238781e-03 3.497261e-03 2.700777e-03 1.644579e-03 4.423492e-03 4.997627e+00 5.606157e-02 1.000000e+00
     1 1.523505e+01 3.696769e-03 4.238781e-03 3.497261e-03 2.700777e-03 1.644579e-03 4.423492e-03 4.997627e+00 5.606157e-02 1.000000e+00
     1 8.911876e+00 3.626711e-03 3.913413e-03 3.017293e-03 1.890800e-03 2.067683e-03 4.516339e-03 4.998757e+00 5.430807e-02 1.000000e+00
     1 5.902328e+00 3.459346e-03 3.473043e-03 2.410527e-03 2.252387e-03 1.938528e-03 4.131437e-03 4.999327e+00 5.159427e-02 1.000000e+00
     1 5.902328e+00 3.459346e-03 3.473043e-03 2.410527e-03 2.252387e-03 1.938528e-03 4.131437e-03 4.999327e+00 5.159427e-02 1.000000e+00
     1 6.173157e+00 3.595978e-03 3.477363e-03 2.768175e-03 2.170208e-03 2.073302e-03 4.429532e-03 4.999274e+00 5.219698e-02 1.000000e+00
     1 6.173157e+00 3.595978e-03 3.477363e-03 2.768175e-03 2.170208e-03 2.073302e-03 4.429532e-03 4.999274e+00 5.219698e-02 1.000000e+00
