# Weight, Lnprob, different params
     1 inf 2.619460e-03 2.607847e-03 1.570792e-03 2.150743e-03 2.221297e-03 3.483609e-03 5.001140e+00 4.614689e-02 9.316953e-01
     1 inf 2.619460e-03 2.607847e-03 1.570792e-03 2.150743e-03 2.221297e-03 3.483609e-03 5.001140e+00 4.614689e-02 9.316953e-01
     1 2.751411e+01 2.425080e-03 2.739649e-03 1.253284e-03 2.243226e-03 2.419618e-03 3.437027e-03 5.000894e+00 4.631413e-02 9.655070e-01
     1 2.751411e+01 2.425080e-03 2.739649e-03 1.253284e-03 2.243226e-03 2.419618e-03 3.437027e-03 5.000894e+00 4.631413e-02 9.655070e-01
     1 2.079927e+01 2.464072e-03 2.911724e-03 1.201276e-03 2.035791e-03 2.602052e-03 3.599020e-03 5.000711e+00 4.712751e-02 1.000000e+00
     1 2.079927e+01 2.464072e-03 2.911724e-03 1.201276e-03 2.035791e-03 2.602052e-03 3.599020e-03 5.000711e+00 4.712751e-02 1.000000e+00
     1 2.079927e+01 2.464072e-03 2.911724e-03 1.201276e-03 2.035791e-03 2.602052e-03 3.599020e-03 5.000711e+00 4.712751e-02 1.000000e+00
     1 2.079927e+01 2.464072e-03 2.911724e-03 1.201276e-03 2.035791e-03 2.602052e-03 3.599020e-03 5.000711e+00 4.712751e-02 1.000000e+00
     1 5.071597e+00 3.247406e-03 3.063969e-03 7.022591e-04 1.684288e-03 2.974069e-03 3.177888e-03 5.001633e+00 4.725551e-02 1.000000e+00
     1 4.777990e+00 3.276846e-03 2.938338e-03 6.030197e-04 1.598908e-03 3.036271e-03 3.185914e-03 5.001592e+00 4.656924e-02 1.000000e+00
