# Weight, Lnprob, different params
     1 1.035137e+01 2.827191e-03 4.356373e-03 3.322384e-03 4.193695e-03 2.577608e-03 3.295131e-03 5.001527e+00 5.620380e-02 1.000000e+00
     1 1.035137e+01 2.827191e-03 4.356373e-03 3.322384e-03 4.193695e-03 2.577608e-03 3.295131e-03 5.001527e+00 5.620380e-02 1.000000e+00
     1 1.035137e+01 2.827191e-03 4.356373e-03 3.322384e-03 4.193695e-03 2.577608e-03 3.295131e-03 5.001527e+00 5.620380e-02 1.000000e+00
     1 1.035137e+01 2.827191e-03 4.356373e-03 3.322384e-03 4.193695e-03 2.577608e-03 3.295131e-03 5.001527e+00 5.620380e-02 1.000000e+00
     1 1.035137e+01 2.827191e-03 4.356373e-03 3.322384e-03 4.193695e-03 2.577608e-03 3.295131e-03 5.001527e+00 5.620380e-02 1.000000e+00
     1 1.200153e+01 3.037967e-03 4.673231e-03 3.795326e-03 4.319398e-03 2.520114e-03 3.639841e-03 5.002451e+00 5.790931e-02 1.000000e+00
     1 1.424410e+01 3.385231e-03 4.875747e-03 5.170798e-03 5.042799e-03 2.343717e-03 3.575636e-03 5.003020e+00 6.063627e-02 1.000000e+00
     1 1.424410e+01 3.385231e-03 4.875747e-03 5.170798e-03 5.042799e-03 2.343717e-03 3.575636e-03 5.003020e+00 6.063627e-02 1.000000e+00
     1 8.164210e+00 3.080500e-03 4.198054e-03 3.761124e-03 3.930696e-03 2.265143e-03 3.395837e-03 5.001847e+00 5.636344e-02 1.000000e+00
     1 6.387595e+00 3.124375e-03 4.057825e-03 3.891374e-03 3.999825e-03 2.318146e-03 3.437155e-03 5.001782e+00 5.610335e-02 1.000000e+00
