# Weight, Lnprob, different params     1 1.949068e+01 3.712584e-03 4.132081e-03 1.789252e-03 5.299744e-03 1.394329e-03 4.510371e-03 5.295780e-02
     1 1.805328e+01 3.609213e-03 4.209476e-03 1.774531e-03 4.752927e-03 1.465224e-03 4.356232e-03 5.317626e-02
     1 1.805328e+01 3.609213e-03 4.209476e-03 1.774531e-03 4.752927e-03 1.465224e-03 4.356232e-03 5.317626e-02
     1 1.501435e+01 3.444381e-03 4.218431e-03 1.570127e-03 4.417263e-03 1.380753e-03 4.199766e-03 5.290330e-02
     1 1.501435e+01 3.444381e-03 4.218431e-03 1.570127e-03 4.417263e-03 1.380753e-03 4.199766e-03 5.290330e-02
     1 1.479591e+01 3.271787e-03 4.357070e-03 1.686722e-03 3.369242e-03 1.597437e-03 3.742622e-03 5.351658e-02
     1 1.479591e+01 3.271787e-03 4.357070e-03 1.686722e-03 3.369242e-03 1.597437e-03 3.742622e-03 5.351658e-02
     1 1.479591e+01 3.271787e-03 4.357070e-03 1.686722e-03 3.369242e-03 1.597437e-03 3.742622e-03 5.351658e-02
     1 9.183924e+00 3.074375e-03 3.946182e-03 2.122252e-03 3.389007e-03 1.414519e-03 3.077505e-03 5.283222e-02
     1 9.183924e+00 3.074375e-03 3.946182e-03 2.122252e-03 3.389007e-03 1.414519e-03 3.077505e-03 5.283222e-02
