# Weight, Lnprob, different params
     1 1.596170e+01 3.067831e-03 4.797490e-03 3.394355e-04 3.161563e-03 1.540761e-03 2.558249e-03 5.001317e+00 5.277251e-02 1.000000e+00
     1 1.596170e+01 3.067831e-03 4.797490e-03 3.394355e-04 3.161563e-03 1.540761e-03 2.558249e-03 5.001317e+00 5.277251e-02 1.000000e+00
     1 1.596170e+01 3.067831e-03 4.797490e-03 3.394355e-04 3.161563e-03 1.540761e-03 2.558249e-03 5.001317e+00 5.277251e-02 1.000000e+00
     1 1.596170e+01 3.067831e-03 4.797490e-03 3.394355e-04 3.161563e-03 1.540761e-03 2.558249e-03 5.001317e+00 5.277251e-02 1.000000e+00
     1 1.596170e+01 3.067831e-03 4.797490e-03 3.394355e-04 3.161563e-03 1.540761e-03 2.558249e-03 5.001317e+00 5.277251e-02 1.000000e+00
     1 1.596170e+01 3.067831e-03 4.797490e-03 3.394355e-04 3.161563e-03 1.540761e-03 2.558249e-03 5.001317e+00 5.277251e-02 1.000000e+00
     1 1.596170e+01 3.067831e-03 4.797490e-03 3.394355e-04 3.161563e-03 1.540761e-03 2.558249e-03 5.001317e+00 5.277251e-02 1.000000e+00
     1 1.596170e+01 3.067831e-03 4.797490e-03 3.394355e-04 3.161563e-03 1.540761e-03 2.558249e-03 5.001317e+00 5.277251e-02 1.000000e+00
     1 1.596170e+01 3.067831e-03 4.797490e-03 3.394355e-04 3.161563e-03 1.540761e-03 2.558249e-03 5.001317e+00 5.277251e-02 1.000000e+00
     1 1.596170e+01 3.067831e-03 4.797490e-03 3.394355e-04 3.161563e-03 1.540761e-03 2.558249e-03 5.001317e+00 5.277251e-02 1.000000e+00
