# Weight, Lnprob, different params     1 9.087720e+00 3.116447e-03 4.029008e-03 2.492870e-03 3.879500e-03 1.614887e-03 5.248510e-03 5.369356e-02
     1 9.104833e+00 3.109953e-03 4.032835e-03 2.427139e-03 3.853557e-03 1.577872e-03 5.220381e-03 5.360538e-02
     1 9.104833e+00 3.109953e-03 4.032835e-03 2.427139e-03 3.853557e-03 1.577872e-03 5.220381e-03 5.360538e-02
     1 9.562192e+00 3.108494e-03 4.152649e-03 2.632912e-03 3.883955e-03 1.648657e-03 5.387408e-03 5.433312e-02
     1 9.562192e+00 3.108494e-03 4.152649e-03 2.632912e-03 3.883955e-03 1.648657e-03 5.387408e-03 5.433312e-02
     1 9.562192e+00 3.108494e-03 4.152649e-03 2.632912e-03 3.883955e-03 1.648657e-03 5.387408e-03 5.433312e-02
     1 1.007889e+01 3.191540e-03 4.152695e-03 2.678734e-03 4.220577e-03 1.493424e-03 5.847476e-03 5.440094e-02
     1 1.007889e+01 3.191540e-03 4.152695e-03 2.678734e-03 4.220577e-03 1.493424e-03 5.847476e-03 5.440094e-02
     1 9.982836e+00 3.163110e-03 4.159577e-03 2.424727e-03 4.104588e-03 1.363680e-03 5.708236e-03 5.403952e-02
     1 1.032682e+01 3.145859e-03 4.233939e-03 2.286278e-03 4.102786e-03 1.409148e-03 5.974151e-03 5.408129e-02
