# Weight, Lnprob, different params
     1 inf 2.108406e-03 3.129408e-03 -1.720709e-03 2.064490e-03 2.294352e-03 3.331091e-03 4.999524e+00 1.000000e+00 1.000000e+00
     1 inf 2.108406e-03 3.129408e-03 -1.720709e-03 2.064490e-03 2.294352e-03 3.331091e-03 4.999524e+00 1.000000e+00 1.000000e+00
     1 inf 2.108406e-03 3.129408e-03 -1.720709e-03 2.064490e-03 2.294352e-03 3.331091e-03 4.999524e+00 1.000000e+00 1.000000e+00
     1 inf 2.108406e-03 3.129408e-03 -1.720709e-03 2.064490e-03 2.294352e-03 3.331091e-03 4.999524e+00 1.000000e+00 1.000000e+00
     1 inf 2.108406e-03 3.129408e-03 -1.720709e-03 2.064490e-03 2.294352e-03 3.331091e-03 4.999524e+00 1.000000e+00 1.000000e+00
     1 inf 2.108406e-03 3.129408e-03 -1.720709e-03 2.064490e-03 2.294352e-03 3.331091e-03 4.999524e+00 1.000000e+00 1.000000e+00
     1 inf 2.108406e-03 3.129408e-03 -1.720709e-03 2.064490e-03 2.294352e-03 3.331091e-03 4.999524e+00 1.000000e+00 1.000000e+00
     1 inf 2.108406e-03 3.129408e-03 -1.720709e-03 2.064490e-03 2.294352e-03 3.331091e-03 4.999524e+00 1.000000e+00 1.000000e+00
     1 inf 2.108406e-03 3.129408e-03 -1.720709e-03 2.064490e-03 2.294352e-03 3.331091e-03 4.999524e+00 1.000000e+00 1.000000e+00
     1 inf 2.108406e-03 3.129408e-03 -1.720709e-03 2.064490e-03 2.294352e-03 3.331091e-03 4.999524e+00 1.000000e+00 1.000000e+00
