# Weight, Lnprob, different params
     1 3.115640e+01 2.110744e-03 4.898200e-03 2.203856e-04 2.706749e-03 3.112821e-03 4.212793e-03 5.001876e+00 5.304730e-02 1.000000e+00
     1 3.115640e+01 2.110744e-03 4.898200e-03 2.203856e-04 2.706749e-03 3.112821e-03 4.212793e-03 5.001876e+00 5.304730e-02 1.000000e+00
     1 2.701373e+01 2.196872e-03 4.810833e-03 2.723554e-04 2.667772e-03 3.056919e-03 4.158479e-03 5.001808e+00 5.285043e-02 1.000000e+00
     1 1.769100e+01 2.480969e-03 4.605999e-03 1.647063e-03 3.355536e-03 2.840884e-03 3.769351e-03 5.001681e+00 5.437461e-02 1.000000e+00
     1 1.769100e+01 2.480969e-03 4.605999e-03 1.647063e-03 3.355536e-03 2.840884e-03 3.769351e-03 5.001681e+00 5.437461e-02 1.000000e+00
     1 1.696481e+01 2.478385e-03 4.346897e-03 1.578890e-03 3.153709e-03 2.804360e-03 3.743302e-03 5.001533e+00 5.344522e-02 1.000000e+00
     1 1.696481e+01 2.478385e-03 4.346897e-03 1.578890e-03 3.153709e-03 2.804360e-03 3.743302e-03 5.001533e+00 5.344522e-02 1.000000e+00
     1 1.696481e+01 2.478385e-03 4.346897e-03 1.578890e-03 3.153709e-03 2.804360e-03 3.743302e-03 5.001533e+00 5.344522e-02 1.000000e+00
     1 1.545634e+01 2.526494e-03 4.234175e-03 1.564641e-03 3.132411e-03 2.728036e-03 3.725140e-03 5.001446e+00 5.303090e-02 1.000000e+00
     1 1.545634e+01 2.526494e-03 4.234175e-03 1.564641e-03 3.132411e-03 2.728036e-03 3.725140e-03 5.001446e+00 5.303090e-02 1.000000e+00
