# Weight, Lnprob, different params
     1 6.604275e+00 3.514996e-03 2.992895e-03 4.720919e-03 3.817257e-03 2.117791e-03 3.833844e-03 4.999446e+00 5.275384e-02 9.450515e-01
     1 6.592523e+00 3.481364e-03 2.999975e-03 4.633339e-03 3.768728e-03 2.123314e-03 3.810832e-03 4.999471e+00 5.265537e-02 9.464732e-01
     1 6.568880e+00 3.462755e-03 3.003811e-03 4.592014e-03 3.748750e-03 2.103584e-03 3.797079e-03 4.999478e+00 5.261193e-02 9.478388e-01
     1 6.568880e+00 3.462755e-03 3.003811e-03 4.592014e-03 3.748750e-03 2.103584e-03 3.797079e-03 4.999478e+00 5.261193e-02 9.478388e-01
     1 6.568880e+00 3.462755e-03 3.003811e-03 4.592014e-03 3.748750e-03 2.103584e-03 3.797079e-03 4.999478e+00 5.261193e-02 9.478388e-01
     1 6.568880e+00 3.462755e-03 3.003811e-03 4.592014e-03 3.748750e-03 2.103584e-03 3.797079e-03 4.999478e+00 5.261193e-02 9.478388e-01
     1 3.899849e+00 3.461331e-03 3.199730e-03 3.681174e-03 3.123971e-03 2.034668e-03 3.936684e-03 4.999415e+00 5.231661e-02 1.000000e+00
     1 3.899849e+00 3.461331e-03 3.199730e-03 3.681174e-03 3.123971e-03 2.034668e-03 3.936684e-03 4.999415e+00 5.231661e-02 1.000000e+00
     1 3.899849e+00 3.461331e-03 3.199730e-03 3.681174e-03 3.123971e-03 2.034668e-03 3.936684e-03 4.999415e+00 5.231661e-02 1.000000e+00
     1 3.899849e+00 3.461331e-03 3.199730e-03 3.681174e-03 3.123971e-03 2.034668e-03 3.936684e-03 4.999415e+00 5.231661e-02 1.000000e+00
