# Weight, Lnprob, different params
     1 6.858141e+00 2.899406e-03 2.647399e-03 7.946223e-04 1.937329e-03 1.578756e-03 3.249030e-03 4.998195e+00 4.530444e-02 1.000000e+00
     1 6.858141e+00 2.899406e-03 2.647399e-03 7.946223e-04 1.937329e-03 1.578756e-03 3.249030e-03 4.998195e+00 4.530444e-02 1.000000e+00
     1 5.642660e+00 3.657751e-03 2.347216e-03 8.824275e-04 1.501668e-03 4.719969e-04 3.149282e-03 4.996074e+00 4.413665e-02 1.000000e+00
     1 5.642660e+00 3.657751e-03 2.347216e-03 8.824275e-04 1.501668e-03 4.719969e-04 3.149282e-03 4.996074e+00 4.413665e-02 1.000000e+00
     1 5.642660e+00 3.657751e-03 2.347216e-03 8.824275e-04 1.501668e-03 4.719969e-04 3.149282e-03 4.996074e+00 4.413665e-02 1.000000e+00
     1 5.763843e+00 3.695299e-03 2.324523e-03 8.783437e-04 1.468527e-03 4.571390e-04 3.132089e-03 4.995992e+00 4.402888e-02 9.989119e-01
     1 5.763843e+00 3.695299e-03 2.324523e-03 8.783437e-04 1.468527e-03 4.571390e-04 3.132089e-03 4.995992e+00 4.402888e-02 9.989119e-01
     1 5.763843e+00 3.695299e-03 2.324523e-03 8.783437e-04 1.468527e-03 4.571390e-04 3.132089e-03 4.995992e+00 4.402888e-02 9.989119e-01
     1 5.807963e+00 3.652377e-03 2.457813e-03 9.512816e-04 1.546908e-03 5.138397e-04 3.127533e-03 4.996266e+00 4.477209e-02 1.000000e+00
     1 5.807963e+00 3.652377e-03 2.457813e-03 9.512816e-04 1.546908e-03 5.138397e-04 3.127533e-03 4.996266e+00 4.477209e-02 1.000000e+00
