# Weight, Lnprob, different params
     1 inf 1.127220e-03 2.651901e-03 2.052907e-03 2.635672e-03 1.967160e-03 4.317731e-03 4.999138e+00 4.580620e-02 7.902795e-01
     1 inf 1.127220e-03 2.651901e-03 2.052907e-03 2.635672e-03 1.967160e-03 4.317731e-03 4.999138e+00 4.580620e-02 7.902795e-01
     1 inf 1.127220e-03 2.651901e-03 2.052907e-03 2.635672e-03 1.967160e-03 4.317731e-03 4.999138e+00 4.580620e-02 7.902795e-01
     1 inf 1.127220e-03 2.651901e-03 2.052907e-03 2.635672e-03 1.967160e-03 4.317731e-03 4.999138e+00 4.580620e-02 7.902795e-01
     1 inf 1.127220e-03 2.651901e-03 2.052907e-03 2.635672e-03 1.967160e-03 4.317731e-03 4.999138e+00 4.580620e-02 7.902795e-01
     1 inf 1.127220e-03 2.651901e-03 2.052907e-03 2.635672e-03 1.967160e-03 4.317731e-03 4.999138e+00 4.580620e-02 7.902795e-01
     1 inf 1.127220e-03 2.651901e-03 2.052907e-03 2.635672e-03 1.967160e-03 4.317731e-03 4.999138e+00 4.580620e-02 7.902795e-01
     1 inf 1.127220e-03 2.651901e-03 2.052907e-03 2.635672e-03 1.967160e-03 4.317731e-03 4.999138e+00 4.580620e-02 7.902795e-01
     1 inf 1.127220e-03 2.651901e-03 2.052907e-03 2.635672e-03 1.967160e-03 4.317731e-03 4.999138e+00 4.580620e-02 7.902795e-01
     1 inf 1.127220e-03 2.651901e-03 2.052907e-03 2.635672e-03 1.967160e-03 4.317731e-03 4.999138e+00 4.580620e-02 7.902795e-01
