# Weight, Lnprob, different params
     1 3.264945e+01 4.146853e-03 4.419453e-03 2.555853e-03 3.400605e-03 2.227847e-03 3.836528e-03 5.002077e+00 5.502462e-02 1.000000e+00
     1 3.264945e+01 4.146853e-03 4.419453e-03 2.555853e-03 3.400605e-03 2.227847e-03 3.836528e-03 5.002077e+00 5.502462e-02 1.000000e+00
     1 3.264945e+01 4.146853e-03 4.419453e-03 2.555853e-03 3.400605e-03 2.227847e-03 3.836528e-03 5.002077e+00 5.502462e-02 1.000000e+00
     1 3.264945e+01 4.146853e-03 4.419453e-03 2.555853e-03 3.400605e-03 2.227847e-03 3.836528e-03 5.002077e+00 5.502462e-02 1.000000e+00
     1 3.264945e+01 4.146853e-03 4.419453e-03 2.555853e-03 3.400605e-03 2.227847e-03 3.836528e-03 5.002077e+00 5.502462e-02 1.000000e+00
     1 1.470924e+01 3.482146e-03 4.006959e-03 1.803229e-03 3.029362e-03 1.970123e-03 3.697033e-03 5.001545e+00 5.252576e-02 1.000000e+00
     1 7.474394e+00 3.102198e-03 3.679240e-03 1.725262e-03 2.791792e-03 1.713486e-03 3.376307e-03 5.000878e+00 5.123148e-02 1.000000e+00
     1 7.474394e+00 3.102198e-03 3.679240e-03 1.725262e-03 2.791792e-03 1.713486e-03 3.376307e-03 5.000878e+00 5.123148e-02 1.000000e+00
     1 7.474394e+00 3.102198e-03 3.679240e-03 1.725262e-03 2.791792e-03 1.713486e-03 3.376307e-03 5.000878e+00 5.123148e-02 1.000000e+00
     1 7.474394e+00 3.102198e-03 3.679240e-03 1.725262e-03 2.791792e-03 1.713486e-03 3.376307e-03 5.000878e+00 5.123148e-02 1.000000e+00
