# Weight, Lnprob, different params     1 inf 3.131561e-03 2.258483e-03 -6.202065e-04 3.403388e-03 5.295931e-04 2.746832e-03 1.000000e+00
     1 inf 3.131561e-03 2.258483e-03 -6.202065e-04 3.403388e-03 5.295931e-04 2.746832e-03 1.000000e+00
     1 inf 3.131561e-03 2.258483e-03 -6.202065e-04 3.403388e-03 5.295931e-04 2.746832e-03 1.000000e+00
     1 inf 3.131561e-03 2.258483e-03 -6.202065e-04 3.403388e-03 5.295931e-04 2.746832e-03 1.000000e+00
     1 inf 3.131561e-03 2.258483e-03 -6.202065e-04 3.403388e-03 5.295931e-04 2.746832e-03 1.000000e+00
     1 inf 3.131561e-03 2.258483e-03 -6.202065e-04 3.403388e-03 5.295931e-04 2.746832e-03 1.000000e+00
     1 inf 3.131561e-03 2.258483e-03 -6.202065e-04 3.403388e-03 5.295931e-04 2.746832e-03 1.000000e+00
     1 inf 3.131561e-03 2.258483e-03 -6.202065e-04 3.403388e-03 5.295931e-04 2.746832e-03 1.000000e+00
     1 inf 3.131561e-03 2.258483e-03 -6.202065e-04 3.403388e-03 5.295931e-04 2.746832e-03 1.000000e+00
     1 inf 3.131561e-03 2.258483e-03 -6.202065e-04 3.403388e-03 5.295931e-04 2.746832e-03 1.000000e+00
