# Weight, Lnprob, different params
     1 inf 2.434193e-03 2.476122e-03 2.208969e-03 1.302966e-03 6.232923e-04 3.309109e-03 5.001167e+00 4.593944e-02 8.296859e-01
     1 inf 2.434193e-03 2.476122e-03 2.208969e-03 1.302966e-03 6.232923e-04 3.309109e-03 5.001167e+00 4.593944e-02 8.296859e-01
     1 inf 2.434193e-03 2.476122e-03 2.208969e-03 1.302966e-03 6.232923e-04 3.309109e-03 5.001167e+00 4.593944e-02 8.296859e-01
     1 inf 2.434193e-03 2.476122e-03 2.208969e-03 1.302966e-03 6.232923e-04 3.309109e-03 5.001167e+00 4.593944e-02 8.296859e-01
     1 inf 2.434193e-03 2.476122e-03 2.208969e-03 1.302966e-03 6.232923e-04 3.309109e-03 5.001167e+00 4.593944e-02 8.296859e-01
     1 inf 2.434193e-03 2.476122e-03 2.208969e-03 1.302966e-03 6.232923e-04 3.309109e-03 5.001167e+00 4.593944e-02 8.296859e-01
     1 inf 2.434193e-03 2.476122e-03 2.208969e-03 1.302966e-03 6.232923e-04 3.309109e-03 5.001167e+00 4.593944e-02 8.296859e-01
     1 inf 2.434193e-03 2.476122e-03 2.208969e-03 1.302966e-03 6.232923e-04 3.309109e-03 5.001167e+00 4.593944e-02 8.296859e-01
     1 inf 2.434193e-03 2.476122e-03 2.208969e-03 1.302966e-03 6.232923e-04 3.309109e-03 5.001167e+00 4.593944e-02 8.296859e-01
     1 inf 2.434193e-03 2.476122e-03 2.208969e-03 1.302966e-03 6.232923e-04 3.309109e-03 5.001167e+00 4.593944e-02 8.296859e-01
