# Weight, Lnprob, different params     1 1.488498e+01 3.129845e-03 4.568386e-03 1.706267e-03 2.217159e-03 1.793986e-03 3.641437e-03 5.425104e-02
     1 1.488498e+01 3.129845e-03 4.568386e-03 1.706267e-03 2.217159e-03 1.793986e-03 3.641437e-03 5.425104e-02
     1 1.488498e+01 3.129845e-03 4.568386e-03 1.706267e-03 2.217159e-03 1.793986e-03 3.641437e-03 5.425104e-02
     1 1.405694e+01 3.096342e-03 4.497999e-03 1.805242e-03 2.303913e-03 1.817699e-03 3.277928e-03 5.420811e-02
     1 1.416939e+01 2.912674e-03 4.645535e-03 1.929318e-03 1.188644e-03 2.048287e-03 2.791451e-03 5.498644e-02
     1 1.049212e+01 2.951551e-03 4.716915e-03 2.607578e-03 9.874665e-04 2.572835e-03 2.660812e-03 5.642272e-02
     1 1.049212e+01 2.951551e-03 4.716915e-03 2.607578e-03 9.874665e-04 2.572835e-03 2.660812e-03 5.642272e-02
     1 1.014582e+01 2.885860e-03 4.788171e-03 2.623891e-03 6.937023e-04 2.558427e-03 2.755301e-03 5.670117e-02
     1 1.014582e+01 2.885860e-03 4.788171e-03 2.623891e-03 6.937023e-04 2.558427e-03 2.755301e-03 5.670117e-02
     1 1.014582e+01 2.885860e-03 4.788171e-03 2.623891e-03 6.937023e-04 2.558427e-03 2.755301e-03 5.670117e-02
