# Weight, Lnprob, different params
     1 6.759578e+01 1.921700e-03 3.320199e-03 2.175790e-03 2.699971e-03 2.384885e-03 2.480913e-03 4.999151e+00 5.037038e-02 1.000000e+00
     1 6.759578e+01 1.921700e-03 3.320199e-03 2.175790e-03 2.699971e-03 2.384885e-03 2.480913e-03 4.999151e+00 5.037038e-02 1.000000e+00
     1 1.666180e+01 2.555491e-03 2.815585e-03 1.238000e-03 2.297432e-03 1.789170e-03 2.583412e-03 4.999064e+00 4.671752e-02 1.000000e+00
     1 1.666180e+01 2.555491e-03 2.815585e-03 1.238000e-03 2.297432e-03 1.789170e-03 2.583412e-03 4.999064e+00 4.671752e-02 1.000000e+00
     1 9.332934e+00 2.795919e-03 3.745645e-03 8.163253e-04 2.702948e-03 1.672598e-03 2.571603e-03 5.000121e+00 5.004059e-02 1.000000e+00
     1 9.332934e+00 2.795919e-03 3.745645e-03 8.163253e-04 2.702948e-03 1.672598e-03 2.571603e-03 5.000121e+00 5.004059e-02 1.000000e+00
     1 8.199908e+00 2.879826e-03 3.631091e-03 7.555463e-04 2.689825e-03 1.365365e-03 2.772223e-03 4.999792e+00 4.948775e-02 1.000000e+00
     1 7.881102e+00 2.851252e-03 3.453814e-03 8.187893e-04 2.618127e-03 1.338707e-03 2.804744e-03 4.999560e+00 4.890365e-02 1.000000e+00
     1 8.390809e+00 2.836964e-03 3.627751e-03 9.728123e-04 2.678243e-03 1.377857e-03 2.823876e-03 4.999809e+00 4.982145e-02 1.000000e+00
     1 7.649376e+00 2.902164e-03 3.549499e-03 8.931855e-04 2.671227e-03 1.164253e-03 2.952950e-03 4.999579e+00 4.938445e-02 1.000000e+00
