# Weight, Lnprob, different params     1 1.916321e+02 1.361680e-03 3.550634e-03 2.196385e-03 3.113749e-03 4.745644e-04 2.187578e-03 5.115572e-02
     1 1.916321e+02 1.361680e-03 3.550634e-03 2.196385e-03 3.113749e-03 4.745644e-04 2.187578e-03 5.115572e-02
     1 1.644781e+02 1.438652e-03 3.583047e-03 2.154021e-03 3.137361e-03 5.659399e-04 2.254701e-03 5.126666e-02
     1 1.646806e+02 1.438989e-03 3.579420e-03 2.116546e-03 3.138009e-03 4.633363e-04 2.229901e-03 5.118636e-02
     1 9.529512e+01 1.680146e-03 3.704807e-03 2.037491e-03 2.917599e-03 5.863745e-04 2.429298e-03 5.168333e-02
     1 5.983034e+01 1.903863e-03 3.764866e-03 2.335117e-03 2.877987e-03 9.329545e-04 2.298622e-03 5.244812e-02
     1 2.314052e+01 2.334431e-03 3.496153e-03 2.105059e-03 3.370957e-03 9.622982e-04 2.645342e-03 5.100734e-02
     1 2.314052e+01 2.334431e-03 3.496153e-03 2.105059e-03 3.370957e-03 9.622982e-04 2.645342e-03 5.100734e-02
     1 2.314052e+01 2.334431e-03 3.496153e-03 2.105059e-03 3.370957e-03 9.622982e-04 2.645342e-03 5.100734e-02
     1 6.574512e+00 2.865292e-03 3.490237e-03 2.551103e-03 3.502291e-03 2.500391e-03 3.193244e-03 5.182943e-02
     1 6.597995e+00 2.864781e-03 3.498825e-03 2.525203e-03 3.496935e-03 2.466363e-03 3.209946e-03 5.182212e-02
     1 9.835788e+00 2.801153e-03 3.550428e-03 3.805409e-03 3.171814e-03 2.720631e-03 2.641926e-03 5.397672e-02
     1 9.835788e+00 2.801153e-03 3.550428e-03 3.805409e-03 3.171814e-03 2.720631e-03 2.641926e-03 5.397672e-02
     1 4.056970e+00 3.199368e-03 3.094923e-03 2.752461e-03 4.208208e-03 1.815338e-03 2.965196e-03 5.044805e-02
     1 4.056970e+00 3.199368e-03 3.094923e-03 2.752461e-03 4.208208e-03 1.815338e-03 2.965196e-03 5.044805e-02
     1 4.056970e+00 3.199368e-03 3.094923e-03 2.752461e-03 4.208208e-03 1.815338e-03 2.965196e-03 5.044805e-02
     1 4.056970e+00 3.199368e-03 3.094923e-03 2.752461e-03 4.208208e-03 1.815338e-03 2.965196e-03 5.044805e-02
     1 4.056970e+00 3.199368e-03 3.094923e-03 2.752461e-03 4.208208e-03 1.815338e-03 2.965196e-03 5.044805e-02
     1 7.177421e+00 2.863832e-03 3.083184e-03 2.451888e-03 5.788990e-03 1.389773e-03 2.335797e-03 4.988803e-02
     1 7.177421e+00 2.863832e-03 3.083184e-03 2.451888e-03 5.788990e-03 1.389773e-03 2.335797e-03 4.988803e-02
