# Weight, Lnprob, different params     1 1.110888e+01 2.779765e-03 4.145998e-03 1.348738e-03 3.513790e-03 2.132635e-03 3.400101e-03 5.233019e-02
     1 1.103831e+01 2.794771e-03 4.154113e-03 1.407645e-03 3.553375e-03 2.175835e-03 3.437306e-03 5.245122e-02
     1 1.013172e+01 2.888765e-03 4.031425e-03 1.633350e-03 3.329980e-03 2.225282e-03 3.492147e-03 5.238801e-02
     1 1.013172e+01 2.888765e-03 4.031425e-03 1.633350e-03 3.329980e-03 2.225282e-03 3.492147e-03 5.238801e-02
     1 1.092489e+01 2.972470e-03 4.177684e-03 1.621429e-03 3.483351e-03 2.362938e-03 3.595832e-03 5.286453e-02
     1 9.574717e+00 3.083019e-03 3.911810e-03 1.767464e-03 3.884423e-03 2.198865e-03 3.964645e-03 5.215933e-02
     1 1.178289e+01 2.836654e-03 4.473183e-03 1.181403e-03 4.752894e-03 1.973480e-03 3.916548e-03 5.319405e-02
     1 1.061727e+01 2.737219e-03 4.188407e-03 1.340232e-03 4.181243e-03 1.607040e-03 3.838844e-03 5.248893e-02
     1 1.063102e+01 2.735434e-03 4.188477e-03 1.343324e-03 4.173254e-03 1.601589e-03 3.842847e-03 5.249401e-02
     1 1.063102e+01 2.735434e-03 4.188477e-03 1.343324e-03 4.173254e-03 1.601589e-03 3.842847e-03 5.249401e-02
     1 1.122067e+01 2.708951e-03 4.406123e-03 1.680342e-03 4.417719e-03 1.469718e-03 4.144473e-03 5.377944e-02
     1 1.122067e+01 2.708951e-03 4.406123e-03 1.680342e-03 4.417719e-03 1.469718e-03 4.144473e-03 5.377944e-02
     1 1.422877e+01 2.511700e-03 4.449169e-03 1.654592e-03 5.601277e-03 1.328663e-03 3.219430e-03 5.394679e-02
     1 1.240601e+01 2.582469e-03 4.176009e-03 1.179501e-03 5.006192e-03 1.406100e-03 3.223878e-03 5.225954e-02
     1 7.514714e+00 2.987386e-03 3.757347e-03 2.160999e-03 3.503984e-03 2.415185e-03 3.247296e-03 5.224812e-02
     1 7.514714e+00 2.987386e-03 3.757347e-03 2.160999e-03 3.503984e-03 2.415185e-03 3.247296e-03 5.224812e-02
     1 1.118037e+01 2.649066e-03 3.865433e-03 2.172952e-03 3.974220e-03 1.922733e-03 2.057084e-03 5.264876e-02
     1 1.118037e+01 2.649066e-03 3.865433e-03 2.172952e-03 3.974220e-03 1.922733e-03 2.057084e-03 5.264876e-02
     1 1.259554e+01 2.604085e-03 4.008664e-03 2.330274e-03 4.246901e-03 1.651668e-03 1.303277e-03 5.342936e-02
     1 1.165336e+01 2.629080e-03 3.946430e-03 2.143918e-03 4.192641e-03 1.673266e-03 1.507231e-03 5.290063e-02
