# Weight, Lnprob, different params     1 1.792238e+01 4.269716e-03 3.666335e-03 3.321880e-03 2.538664e-03 3.308661e-03 3.084270e-03 5.395602e-02
     1 4.137058e+00 3.478481e-03 3.053218e-03 2.833326e-03 2.316003e-03 2.530395e-03 4.029214e-03 5.037722e-02
     1 5.734450e+00 3.618314e-03 3.079168e-03 3.385187e-03 1.596069e-03 2.609074e-03 3.917805e-03 5.132484e-02
     1 5.734450e+00 3.618314e-03 3.079168e-03 3.385187e-03 1.596069e-03 2.609074e-03 3.917805e-03 5.132484e-02
     1 4.177867e+00 3.485318e-03 3.054487e-03 2.860308e-03 2.280804e-03 2.534242e-03 4.023766e-03 5.042144e-02
     1 4.177867e+00 3.485318e-03 3.054487e-03 2.860308e-03 2.280804e-03 2.534242e-03 4.023766e-03 5.042144e-02
     1 4.011911e+00 3.482856e-03 3.000730e-03 2.718609e-03 2.474942e-03 2.564653e-03 4.042704e-03 4.999081e-02
     1 4.011911e+00 3.482856e-03 3.000730e-03 2.718609e-03 2.474942e-03 2.564653e-03 4.042704e-03 4.999081e-02
     1 4.160724e+00 3.497515e-03 3.024618e-03 2.766428e-03 2.416853e-03 2.541332e-03 4.003314e-03 5.015919e-02
     1 4.160724e+00 3.497515e-03 3.024618e-03 2.766428e-03 2.416853e-03 2.541332e-03 4.003314e-03 5.015919e-02
     1 4.182417e+00 3.527975e-03 3.498672e-03 4.006234e-03 7.230200e-04 2.266822e-03 3.816331e-03 5.415167e-02
     1 3.665834e+00 3.322234e-03 3.467503e-03 2.686141e-03 1.941334e-03 2.186451e-03 3.936721e-03 5.201434e-02
     1 3.665834e+00 3.322234e-03 3.467503e-03 2.686141e-03 1.941334e-03 2.186451e-03 3.936721e-03 5.201434e-02
     1 3.665834e+00 3.322234e-03 3.467503e-03 2.686141e-03 1.941334e-03 2.186451e-03 3.936721e-03 5.201434e-02
     1 3.665834e+00 3.322234e-03 3.467503e-03 2.686141e-03 1.941334e-03 2.186451e-03 3.936721e-03 5.201434e-02
     1 3.665834e+00 3.322234e-03 3.467503e-03 2.686141e-03 1.941334e-03 2.186451e-03 3.936721e-03 5.201434e-02
     1 3.665834e+00 3.322234e-03 3.467503e-03 2.686141e-03 1.941334e-03 2.186451e-03 3.936721e-03 5.201434e-02
     1 6.345311e+00 3.797759e-03 2.974890e-03 4.236850e-03 7.058567e-04 3.742497e-03 3.750174e-03 5.230068e-02
     1 6.345311e+00 3.797759e-03 2.974890e-03 4.236850e-03 7.058567e-04 3.742497e-03 3.750174e-03 5.230068e-02
     1 6.345311e+00 3.797759e-03 2.974890e-03 4.236850e-03 7.058567e-04 3.742497e-03 3.750174e-03 5.230068e-02
