# Weight, Lnprob, different params     1 inf 2.130223e-03 2.008473e-03 2.000834e-03 1.936592e-03 1.204237e-03 5.639387e-03 4.263507e-02
     1 inf 2.130223e-03 2.008473e-03 2.000834e-03 1.936592e-03 1.204237e-03 5.639387e-03 4.263507e-02
     1 inf 2.130223e-03 2.008473e-03 2.000834e-03 1.936592e-03 1.204237e-03 5.639387e-03 4.263507e-02
     1 inf 2.130223e-03 2.008473e-03 2.000834e-03 1.936592e-03 1.204237e-03 5.639387e-03 4.263507e-02
     1 inf 2.130223e-03 2.008473e-03 2.000834e-03 1.936592e-03 1.204237e-03 5.639387e-03 4.263507e-02
     1 inf 2.130223e-03 2.008473e-03 2.000834e-03 1.936592e-03 1.204237e-03 5.639387e-03 4.263507e-02
     1 inf 2.130223e-03 2.008473e-03 2.000834e-03 1.936592e-03 1.204237e-03 5.639387e-03 4.263507e-02
     1 inf 2.130223e-03 2.008473e-03 2.000834e-03 1.936592e-03 1.204237e-03 5.639387e-03 4.263507e-02
     1 3.870741e+01 2.275000e-03 2.760019e-03 1.467362e-03 2.321706e-03 1.310418e-03 4.632269e-03 4.655291e-02
     1 7.452054e+00 2.792927e-03 3.365832e-03 1.234394e-03 2.747792e-03 1.499730e-03 5.590302e-03 4.917118e-02
     1 9.410897e+00 2.699408e-03 3.483100e-03 1.263507e-03 2.393326e-03 4.845109e-04 6.117612e-03 4.970195e-02
     1 9.410897e+00 2.699408e-03 3.483100e-03 1.263507e-03 2.393326e-03 4.845109e-04 6.117612e-03 4.970195e-02
     1 6.727179e+00 2.838239e-03 3.434805e-03 1.643120e-03 2.258395e-03 1.070652e-03 5.614097e-03 5.008235e-02
     1 4.946582e+00 3.041165e-03 3.448514e-03 2.080430e-03 2.125460e-03 1.538475e-03 4.910820e-03 5.087040e-02
     1 4.946582e+00 3.041165e-03 3.448514e-03 2.080430e-03 2.125460e-03 1.538475e-03 4.910820e-03 5.087040e-02
     1 4.946582e+00 3.041165e-03 3.448514e-03 2.080430e-03 2.125460e-03 1.538475e-03 4.910820e-03 5.087040e-02
     1 3.935068e+00 3.160780e-03 3.568060e-03 2.770321e-03 1.210333e-03 6.985949e-04 4.992517e-03 5.243499e-02
     1 3.935068e+00 3.160780e-03 3.568060e-03 2.770321e-03 1.210333e-03 6.985949e-04 4.992517e-03 5.243499e-02
     1 4.180301e+00 3.133549e-03 3.628588e-03 2.728762e-03 1.312873e-03 8.269781e-04 4.862269e-03 5.262813e-02
     1 4.180301e+00 3.133549e-03 3.628588e-03 2.728762e-03 1.312873e-03 8.269781e-04 4.862269e-03 5.262813e-02
