# Weight, Lnprob, different params     1 inf 2.106711e-03 2.664937e-03 1.744727e-03 1.897046e-03 9.391710e-04 2.523426e-03 4.636939e-02
     1 inf 2.106711e-03 2.664937e-03 1.744727e-03 1.897046e-03 9.391710e-04 2.523426e-03 4.636939e-02
     1 inf 2.106711e-03 2.664937e-03 1.744727e-03 1.897046e-03 9.391710e-04 2.523426e-03 4.636939e-02
     1 inf 2.106711e-03 2.664937e-03 1.744727e-03 1.897046e-03 9.391710e-04 2.523426e-03 4.636939e-02
     1 inf 2.106711e-03 2.664937e-03 1.744727e-03 1.897046e-03 9.391710e-04 2.523426e-03 4.636939e-02
     1 inf 2.106711e-03 2.664937e-03 1.744727e-03 1.897046e-03 9.391710e-04 2.523426e-03 4.636939e-02
     1 inf 2.106711e-03 2.664937e-03 1.744727e-03 1.897046e-03 9.391710e-04 2.523426e-03 4.636939e-02
     1 inf 2.106711e-03 2.664937e-03 1.744727e-03 1.897046e-03 9.391710e-04 2.523426e-03 4.636939e-02
     1 1.211722e+01 2.722995e-03 3.289724e-03 2.906911e-03 2.163956e-03 2.016480e-03 2.026849e-03 5.143037e-02
     1 1.211722e+01 2.722995e-03 3.289724e-03 2.906911e-03 2.163956e-03 2.016480e-03 2.026849e-03 5.143037e-02
     1 1.211722e+01 2.722995e-03 3.289724e-03 2.906911e-03 2.163956e-03 2.016480e-03 2.026849e-03 5.143037e-02
     1 1.211722e+01 2.722995e-03 3.289724e-03 2.906911e-03 2.163956e-03 2.016480e-03 2.026849e-03 5.143037e-02
     1 5.984076e+00 3.760442e-03 3.114000e-03 4.164742e-03 1.362101e-03 4.964155e-03 2.269447e-03 5.293861e-02
     1 5.984076e+00 3.760442e-03 3.114000e-03 4.164742e-03 1.362101e-03 4.964155e-03 2.269447e-03 5.293861e-02
     1 4.079309e+00 3.486305e-03 3.241493e-03 3.370350e-03 1.653039e-03 3.658529e-03 3.276151e-03 5.211680e-02
     1 4.079309e+00 3.486305e-03 3.241493e-03 3.370350e-03 1.653039e-03 3.658529e-03 3.276151e-03 5.211680e-02
     1 4.701701e+00 3.625656e-03 3.176685e-03 3.774160e-03 1.505147e-03 4.322213e-03 2.764417e-03 5.253840e-02
     1 4.309175e+00 3.556142e-03 3.206466e-03 3.394850e-03 1.775786e-03 4.096776e-03 2.919135e-03 5.205480e-02
     1 4.330893e+00 3.561522e-03 3.223974e-03 3.460081e-03 1.716201e-03 4.129277e-03 2.879303e-03 5.223993e-02
     1 4.330893e+00 3.561522e-03 3.223974e-03 3.460081e-03 1.716201e-03 4.129277e-03 2.879303e-03 5.223993e-02
