# Weight, Lnprob, different params     1 1.968298e+01 2.759139e-03 5.220503e-03 1.204544e-03 2.464892e-03 3.105750e-03 2.484211e-03 5.544823e-02
     1 1.885175e+01 2.526827e-03 4.917240e-03 1.231761e-03 2.586275e-03 2.271177e-03 2.350480e-03 5.466237e-02
     1 1.931932e+01 2.508120e-03 4.940625e-03 1.246034e-03 2.565947e-03 2.303288e-03 2.300101e-03 5.475615e-02
     1 1.945078e+01 2.677383e-03 5.169201e-03 1.228128e-03 2.472711e-03 2.927188e-03 2.391226e-03 5.535362e-02
     1 1.945078e+01 2.677383e-03 5.169201e-03 1.228128e-03 2.472711e-03 2.927188e-03 2.391226e-03 5.535362e-02
     1 1.707776e+01 2.687976e-03 4.861904e-03 1.245611e-03 2.451200e-03 2.785173e-03 2.646698e-03 5.452582e-02
     1 1.707776e+01 2.687976e-03 4.861904e-03 1.245611e-03 2.451200e-03 2.785173e-03 2.646698e-03 5.452582e-02
     1 1.761837e+01 2.728594e-03 4.959206e-03 1.233742e-03 2.444770e-03 2.446177e-03 2.488253e-03 5.475255e-02
     1 1.752371e+01 2.717103e-03 4.938620e-03 1.218478e-03 2.423136e-03 2.413966e-03 2.488116e-03 5.467308e-02
     1 1.461413e+01 2.588722e-03 4.305985e-03 1.290750e-03 2.393682e-03 2.093511e-03 3.110748e-03 5.282990e-02
     1 1.461413e+01 2.588722e-03 4.305985e-03 1.290750e-03 2.393682e-03 2.093511e-03 3.110748e-03 5.282990e-02
     1 1.461413e+01 2.588722e-03 4.305985e-03 1.290750e-03 2.393682e-03 2.093511e-03 3.110748e-03 5.282990e-02
     1 1.461413e+01 2.588722e-03 4.305985e-03 1.290750e-03 2.393682e-03 2.093511e-03 3.110748e-03 5.282990e-02
     1 1.540184e+01 2.556691e-03 4.388512e-03 1.167006e-03 2.610231e-03 2.194883e-03 3.118692e-03 5.291246e-02
     1 1.540184e+01 2.556691e-03 4.388512e-03 1.167006e-03 2.610231e-03 2.194883e-03 3.118692e-03 5.291246e-02
     1 1.634325e+01 2.537123e-03 4.482638e-03 1.161076e-03 2.634962e-03 2.197258e-03 3.021441e-03 5.320507e-02
     1 1.634325e+01 2.537123e-03 4.482638e-03 1.161076e-03 2.634962e-03 2.197258e-03 3.021441e-03 5.320507e-02
     1 1.439157e+01 2.718470e-03 4.551218e-03 2.095279e-03 2.875890e-03 2.783923e-03 2.876896e-03 5.493967e-02
     1 1.439157e+01 2.718470e-03 4.551218e-03 2.095279e-03 2.875890e-03 2.783923e-03 2.876896e-03 5.493967e-02
     1 1.439157e+01 2.718470e-03 4.551218e-03 2.095279e-03 2.875890e-03 2.783923e-03 2.876896e-03 5.493967e-02
