# Weight, Lnprob, different params     1 5.673880e+00 3.533548e-03 2.747796e-03 1.464356e-03 4.743858e-03 1.044019e-03 3.610945e-03 4.703447e-02
     1 5.673880e+00 3.533548e-03 2.747796e-03 1.464356e-03 4.743858e-03 1.044019e-03 3.610945e-03 4.703447e-02
     1 5.673880e+00 3.533548e-03 2.747796e-03 1.464356e-03 4.743858e-03 1.044019e-03 3.610945e-03 4.703447e-02
     1 5.673880e+00 3.533548e-03 2.747796e-03 1.464356e-03 4.743858e-03 1.044019e-03 3.610945e-03 4.703447e-02
     1 5.673880e+00 3.533548e-03 2.747796e-03 1.464356e-03 4.743858e-03 1.044019e-03 3.610945e-03 4.703447e-02
     1 5.673880e+00 3.533548e-03 2.747796e-03 1.464356e-03 4.743858e-03 1.044019e-03 3.610945e-03 4.703447e-02
     1 5.673880e+00 3.533548e-03 2.747796e-03 1.464356e-03 4.743858e-03 1.044019e-03 3.610945e-03 4.703447e-02
     1 5.673880e+00 3.533548e-03 2.747796e-03 1.464356e-03 4.743858e-03 1.044019e-03 3.610945e-03 4.703447e-02
     1 5.667559e+00 3.552127e-03 2.674438e-03 1.444012e-03 4.845282e-03 9.394018e-04 3.521726e-03 4.668075e-02
     1 5.667559e+00 3.552127e-03 2.674438e-03 1.444012e-03 4.845282e-03 9.394018e-04 3.521726e-03 4.668075e-02
     1 5.667559e+00 3.552127e-03 2.674438e-03 1.444012e-03 4.845282e-03 9.394018e-04 3.521726e-03 4.668075e-02
     1 6.339745e+00 3.645479e-03 2.584632e-03 1.572870e-03 5.369253e-03 8.011599e-04 3.327348e-03 4.653414e-02
     1 6.339745e+00 3.645479e-03 2.584632e-03 1.572870e-03 5.369253e-03 8.011599e-04 3.327348e-03 4.653414e-02
     1 6.339745e+00 3.645479e-03 2.584632e-03 1.572870e-03 5.369253e-03 8.011599e-04 3.327348e-03 4.653414e-02
     1 6.257251e+00 3.622421e-03 2.653026e-03 1.618418e-03 5.333758e-03 9.033700e-04 3.404984e-03 4.690228e-02
     1 6.257251e+00 3.622421e-03 2.653026e-03 1.618418e-03 5.333758e-03 9.033700e-04 3.404984e-03 4.690228e-02
     1 6.257251e+00 3.622421e-03 2.653026e-03 1.618418e-03 5.333758e-03 9.033700e-04 3.404984e-03 4.690228e-02
     1 6.257251e+00 3.622421e-03 2.653026e-03 1.618418e-03 5.333758e-03 9.033700e-04 3.404984e-03 4.690228e-02
     1 4.259920e+00 3.244729e-03 2.867196e-03 2.033392e-03 5.560412e-03 1.145544e-03 2.872649e-03 4.837890e-02
     1 4.259920e+00 3.244729e-03 2.867196e-03 2.033392e-03 5.560412e-03 1.145544e-03 2.872649e-03 4.837890e-02
