# Weight, Lnprob, different params     1 2.470207e+01 2.254874e-03 4.099242e-03 1.661636e-03 2.870021e-03 3.748494e-04 3.568466e-03 5.268451e-02
     1 2.470207e+01 2.254874e-03 4.099242e-03 1.661636e-03 2.870021e-03 3.748494e-04 3.568466e-03 5.268451e-02
     1 2.470207e+01 2.254874e-03 4.099242e-03 1.661636e-03 2.870021e-03 3.748494e-04 3.568466e-03 5.268451e-02
     1 2.470207e+01 2.254874e-03 4.099242e-03 1.661636e-03 2.870021e-03 3.748494e-04 3.568466e-03 5.268451e-02
     1 2.470207e+01 2.254874e-03 4.099242e-03 1.661636e-03 2.870021e-03 3.748494e-04 3.568466e-03 5.268451e-02
     1 2.470207e+01 2.254874e-03 4.099242e-03 1.661636e-03 2.870021e-03 3.748494e-04 3.568466e-03 5.268451e-02
     1 1.463301e+01 2.495084e-03 3.735644e-03 1.497451e-03 3.306567e-03 8.956919e-04 3.714088e-03 5.106132e-02
     1 1.245942e+01 2.568647e-03 3.705632e-03 1.609492e-03 3.212134e-03 9.858202e-04 3.707112e-03 5.111618e-02
     1 9.258312e+00 3.259851e-03 3.828487e-03 1.764055e-03 3.249698e-03 2.585225e-03 4.925306e-03 5.187101e-02
     1 1.156669e+01 3.718941e-03 3.513342e-03 2.132375e-03 2.441190e-03 3.446330e-03 5.872922e-03 5.139508e-02
     1 1.156669e+01 3.718941e-03 3.513342e-03 2.132375e-03 2.441190e-03 3.446330e-03 5.872922e-03 5.139508e-02
     1 1.156669e+01 3.718941e-03 3.513342e-03 2.132375e-03 2.441190e-03 3.446330e-03 5.872922e-03 5.139508e-02
     1 1.156669e+01 3.718941e-03 3.513342e-03 2.132375e-03 2.441190e-03 3.446330e-03 5.872922e-03 5.139508e-02
     1 1.156669e+01 3.718941e-03 3.513342e-03 2.132375e-03 2.441190e-03 3.446330e-03 5.872922e-03 5.139508e-02
     1 1.195346e+01 3.743727e-03 3.515712e-03 2.134275e-03 2.452736e-03 3.516098e-03 5.908105e-03 5.141337e-02
     1 1.167545e+01 3.717902e-03 3.523963e-03 2.135187e-03 2.488630e-03 3.478508e-03 5.817253e-03 5.143980e-02
     1 9.146257e+00 3.466156e-03 3.604390e-03 2.144082e-03 2.838535e-03 3.112072e-03 4.931611e-03 5.170543e-02
     1 7.348102e+00 3.207558e-03 3.708990e-03 2.047551e-03 2.387717e-03 2.588401e-03 4.246886e-03 5.194052e-02
     1 7.348102e+00 3.207558e-03 3.708990e-03 2.047551e-03 2.387717e-03 2.588401e-03 4.246886e-03 5.194052e-02
     1 5.104122e+00 3.284321e-03 2.968467e-03 5.299278e-04 1.638220e-03 1.494180e-03 5.506008e-03 4.641861e-02
