# Weight, Lnprob, different params     1 7.554290e+00 3.441348e-03 3.675252e-03 2.576840e-03 2.147378e-03 1.688619e-03 2.950890e-03 5.266148e-02
     1 7.554290e+00 3.441348e-03 3.675252e-03 2.576840e-03 2.147378e-03 1.688619e-03 2.950890e-03 5.266148e-02
     1 4.158886e+00 3.523529e-03 3.398438e-03 2.952225e-03 1.891358e-03 2.116066e-03 3.399912e-03 5.214235e-02
     1 3.962004e+00 3.477935e-03 3.386757e-03 2.826205e-03 2.009112e-03 2.186250e-03 3.493608e-03 5.190233e-02
     1 4.948231e+00 3.645761e-03 3.266184e-03 3.250013e-03 1.829421e-03 2.305496e-03 3.604973e-03 5.199382e-02
     1 4.948231e+00 3.645761e-03 3.266184e-03 3.250013e-03 1.829421e-03 2.305496e-03 3.604973e-03 5.199382e-02
     1 4.948231e+00 3.645761e-03 3.266184e-03 3.250013e-03 1.829421e-03 2.305496e-03 3.604973e-03 5.199382e-02
     1 4.948231e+00 3.645761e-03 3.266184e-03 3.250013e-03 1.829421e-03 2.305496e-03 3.604973e-03 5.199382e-02
     1 4.948231e+00 3.645761e-03 3.266184e-03 3.250013e-03 1.829421e-03 2.305496e-03 3.604973e-03 5.199382e-02
     1 4.669507e+00 3.603765e-03 3.286612e-03 3.116549e-03 1.917114e-03 2.285936e-03 3.581782e-03 5.188451e-02
     1 4.669507e+00 3.603765e-03 3.286612e-03 3.116549e-03 1.917114e-03 2.285936e-03 3.581782e-03 5.188451e-02
     1 4.196399e+00 3.524883e-03 3.272576e-03 2.920516e-03 2.042142e-03 2.370351e-03 3.749448e-03 5.152583e-02
     1 5.157327e+00 3.671420e-03 3.110817e-03 3.175622e-03 1.987116e-03 2.413684e-03 3.849423e-03 5.117399e-02
     1 5.157327e+00 3.671420e-03 3.110817e-03 3.175622e-03 1.987116e-03 2.413684e-03 3.849423e-03 5.117399e-02
     1 5.153011e+00 3.670832e-03 3.111418e-03 3.174798e-03 1.987039e-03 2.413302e-03 3.849570e-03 5.117541e-02
     1 5.153011e+00 3.670832e-03 3.111418e-03 3.174798e-03 1.987039e-03 2.413302e-03 3.849570e-03 5.117541e-02
     1 5.153011e+00 3.670832e-03 3.111418e-03 3.174798e-03 1.987039e-03 2.413302e-03 3.849570e-03 5.117541e-02
     1 5.153011e+00 3.670832e-03 3.111418e-03 3.174798e-03 1.987039e-03 2.413302e-03 3.849570e-03 5.117541e-02
     1 4.967184e+00 3.642167e-03 3.110415e-03 3.149120e-03 2.122085e-03 2.376946e-03 3.795800e-03 5.112646e-02
     1 4.982636e+00 3.644523e-03 3.111272e-03 3.155007e-03 2.116902e-03 2.371781e-03 3.786790e-03 5.113937e-02
