# Weight, Lnprob, different params     1 1.924548e+01 2.568479e-03 4.984810e-03 1.787063e-03 2.216276e-03 2.689759e-03 2.574679e-03 5.578032e-02
     1 1.998227e+01 2.667658e-03 5.262926e-03 1.925745e-03 2.295620e-03 3.005486e-03 2.650321e-03 5.675062e-02
     1 1.567651e+01 2.807518e-03 4.829475e-03 1.777190e-03 2.031846e-03 2.148843e-03 3.054488e-03 5.524494e-02
     1 1.196972e+01 2.876041e-03 4.358375e-03 1.642431e-03 2.630673e-03 2.188423e-03 3.384066e-03 5.354523e-02
     1 1.233103e+01 2.716048e-03 4.145855e-03 1.622061e-03 2.575515e-03 2.847583e-03 3.548007e-03 5.284779e-02
     1 1.225350e+01 2.726248e-03 4.150993e-03 1.624178e-03 2.570893e-03 2.883395e-03 3.562619e-03 5.287070e-02
     1 1.225350e+01 2.726248e-03 4.150993e-03 1.624178e-03 2.570893e-03 2.883395e-03 3.562619e-03 5.287070e-02
     1 9.249197e+00 3.045263e-03 4.179874e-03 2.668235e-03 2.569842e-03 3.145403e-03 2.777450e-03 5.471085e-02
     1 8.361841e+00 3.065466e-03 4.200156e-03 2.819873e-03 2.508528e-03 3.392194e-03 2.646705e-03 5.505699e-02
     1 5.488567e+00 2.962272e-03 3.379628e-03 2.017928e-03 2.287152e-03 2.692417e-03 3.727655e-03 5.059136e-02
     1 5.488567e+00 2.962272e-03 3.379628e-03 2.017928e-03 2.287152e-03 2.692417e-03 3.727655e-03 5.059136e-02
     1 5.488567e+00 2.962272e-03 3.379628e-03 2.017928e-03 2.287152e-03 2.692417e-03 3.727655e-03 5.059136e-02
     1 5.853380e+00 2.963921e-03 3.387672e-03 1.644801e-03 2.694833e-03 2.541912e-03 3.824801e-03 5.000574e-02
     1 5.737208e+00 2.963332e-03 3.384796e-03 1.778193e-03 2.549088e-03 2.595717e-03 3.790072e-03 5.021582e-02
     1 5.737208e+00 2.963332e-03 3.384796e-03 1.778193e-03 2.549088e-03 2.595717e-03 3.790072e-03 5.021582e-02
     1 6.800818e+00 2.972845e-03 3.537256e-03 1.882639e-03 2.631308e-03 2.688267e-03 3.556442e-03 5.102589e-02
     1 6.800818e+00 2.972845e-03 3.537256e-03 1.882639e-03 2.631308e-03 2.688267e-03 3.556442e-03 5.102589e-02
     1 8.224030e+00 3.568598e-03 3.549428e-03 2.087160e-03 2.428514e-03 4.366097e-03 4.269707e-03 5.155384e-02
     1 8.224030e+00 3.568598e-03 3.549428e-03 2.087160e-03 2.428514e-03 4.366097e-03 4.269707e-03 5.155384e-02
     1 9.935917e+00 3.723556e-03 3.875848e-03 2.112886e-03 9.300321e-04 5.906997e-03 4.938141e-03 5.301708e-02
