# Weight, Lnprob, different params     1 inf 1.400039e-03 2.422941e-03 1.957165e-03 2.590006e-03 5.165155e-03 4.321698e-03 4.414578e-02
     1 inf 1.400039e-03 2.422941e-03 1.957165e-03 2.590006e-03 5.165155e-03 4.321698e-03 4.414578e-02
     1 9.198205e+01 1.770336e-03 3.264298e-03 1.719520e-03 2.581966e-03 4.208780e-03 3.646123e-03 4.947257e-02
     1 7.920792e+01 1.934700e-03 3.107982e-03 1.522576e-03 2.306143e-03 6.066698e-03 4.348637e-03 4.841547e-02
     1 4.275051e+01 2.134088e-03 3.535060e-03 1.407461e-03 2.538879e-03 7.407865e-03 4.807321e-03 5.044081e-02
     1 4.275051e+01 2.134088e-03 3.535060e-03 1.407461e-03 2.538879e-03 7.407865e-03 4.807321e-03 5.044081e-02
     1 4.275051e+01 2.134088e-03 3.535060e-03 1.407461e-03 2.538879e-03 7.407865e-03 4.807321e-03 5.044081e-02
     1 4.275051e+01 2.134088e-03 3.535060e-03 1.407461e-03 2.538879e-03 7.407865e-03 4.807321e-03 5.044081e-02
     1 3.446131e+01 2.178433e-03 3.641818e-03 1.393087e-03 2.530075e-03 7.028018e-03 4.630917e-03 5.086666e-02
     1 3.446131e+01 2.178433e-03 3.641818e-03 1.393087e-03 2.530075e-03 7.028018e-03 4.630917e-03 5.086666e-02
     1 3.446131e+01 2.178433e-03 3.641818e-03 1.393087e-03 2.530075e-03 7.028018e-03 4.630917e-03 5.086666e-02
     1 3.446131e+01 2.178433e-03 3.641818e-03 1.393087e-03 2.530075e-03 7.028018e-03 4.630917e-03 5.086666e-02
     1 1.804848e+01 2.465897e-03 3.599630e-03 2.506680e-03 2.826319e-03 5.039612e-03 3.712745e-03 5.232605e-02
     1 1.804848e+01 2.465897e-03 3.599630e-03 2.506680e-03 2.826319e-03 5.039612e-03 3.712745e-03 5.232605e-02
     1 1.804848e+01 2.465897e-03 3.599630e-03 2.506680e-03 2.826319e-03 5.039612e-03 3.712745e-03 5.232605e-02
     1 1.804848e+01 2.465897e-03 3.599630e-03 2.506680e-03 2.826319e-03 5.039612e-03 3.712745e-03 5.232605e-02
     1 1.581889e+01 2.508631e-03 3.669899e-03 2.524488e-03 2.872914e-03 5.175666e-03 3.749909e-03 5.265970e-02
     1 1.581889e+01 2.508631e-03 3.669899e-03 2.524488e-03 2.872914e-03 5.175666e-03 3.749909e-03 5.265970e-02
     1 1.581889e+01 2.508631e-03 3.669899e-03 2.524488e-03 2.872914e-03 5.175666e-03 3.749909e-03 5.265970e-02
     1 1.581889e+01 2.508631e-03 3.669899e-03 2.524488e-03 2.872914e-03 5.175666e-03 3.749909e-03 5.265970e-02
