# Weight, Lnprob, different params     1 9.224576e+00 2.822111e-03 3.876260e-03 1.240353e-03 3.551868e-03 2.288985e-03 3.423812e-03 5.121933e-02
     1 4.767808e+00 3.076723e-03 2.978662e-03 1.247762e-03 4.384462e-03 2.304340e-03 4.349304e-03 4.761311e-02
     1 4.767808e+00 3.076723e-03 2.978662e-03 1.247762e-03 4.384462e-03 2.304340e-03 4.349304e-03 4.761311e-02
     1 4.767808e+00 3.076723e-03 2.978662e-03 1.247762e-03 4.384462e-03 2.304340e-03 4.349304e-03 4.761311e-02
     1 4.643584e+00 3.450298e-03 2.289769e-03 8.445582e-04 5.042527e-03 2.966861e-03 4.293165e-03 4.388897e-02
     1 4.643584e+00 3.450298e-03 2.289769e-03 8.445582e-04 5.042527e-03 2.966861e-03 4.293165e-03 4.388897e-02
     1 4.643584e+00 3.450298e-03 2.289769e-03 8.445582e-04 5.042527e-03 2.966861e-03 4.293165e-03 4.388897e-02
     1 4.643584e+00 3.450298e-03 2.289769e-03 8.445582e-04 5.042527e-03 2.966861e-03 4.293165e-03 4.388897e-02
     1 4.643584e+00 3.450298e-03 2.289769e-03 8.445582e-04 5.042527e-03 2.966861e-03 4.293165e-03 4.388897e-02
     1 4.643584e+00 3.450298e-03 2.289769e-03 8.445582e-04 5.042527e-03 2.966861e-03 4.293165e-03 4.388897e-02
     1 4.643584e+00 3.450298e-03 2.289769e-03 8.445582e-04 5.042527e-03 2.966861e-03 4.293165e-03 4.388897e-02
     1 4.720395e+00 3.456868e-03 2.319690e-03 8.760509e-04 4.978913e-03 2.978586e-03 4.331796e-03 4.407991e-02
     1 4.720395e+00 3.456868e-03 2.319690e-03 8.760509e-04 4.978913e-03 2.978586e-03 4.331796e-03 4.407991e-02
     1 4.720395e+00 3.456868e-03 2.319690e-03 8.760509e-04 4.978913e-03 2.978586e-03 4.331796e-03 4.407991e-02
     1 4.379610e+00 3.329539e-03 2.532993e-03 7.890875e-04 4.128281e-03 2.780998e-03 4.472474e-03 4.490450e-02
     1 4.384696e+00 3.342529e-03 2.511303e-03 8.048269e-04 4.141656e-03 2.806296e-03 4.500685e-03 4.482978e-02
     1 4.384696e+00 3.342529e-03 2.511303e-03 8.048269e-04 4.141656e-03 2.806296e-03 4.500685e-03 4.482978e-02
     1 4.384696e+00 3.342529e-03 2.511303e-03 8.048269e-04 4.141656e-03 2.806296e-03 4.500685e-03 4.482978e-02
     1 4.384696e+00 3.342529e-03 2.511303e-03 8.048269e-04 4.141656e-03 2.806296e-03 4.500685e-03 4.482978e-02
     1 4.136537e+00 3.305385e-03 2.378280e-03 6.773097e-04 4.454744e-03 2.504022e-03 4.458039e-03 4.399654e-02
