# Weight, Lnprob, different params     1 1.130093e+01 3.380501e-03 3.850147e-03 5.804516e-04 3.513878e-03 8.058786e-04 4.649412e-03 5.014310e-02
     1 1.130093e+01 3.380501e-03 3.850147e-03 5.804516e-04 3.513878e-03 8.058786e-04 4.649412e-03 5.014310e-02
     1 8.162131e+00 2.836698e-03 3.970488e-03 1.102784e-03 3.202824e-03 5.976436e-04 4.127195e-03 5.136426e-02
     1 8.162131e+00 2.836698e-03 3.970488e-03 1.102784e-03 3.202824e-03 5.976436e-04 4.127195e-03 5.136426e-02
     1 8.162131e+00 2.836698e-03 3.970488e-03 1.102784e-03 3.202824e-03 5.976436e-04 4.127195e-03 5.136426e-02
     1 8.162131e+00 2.836698e-03 3.970488e-03 1.102784e-03 3.202824e-03 5.976436e-04 4.127195e-03 5.136426e-02
     1 8.162131e+00 2.836698e-03 3.970488e-03 1.102784e-03 3.202824e-03 5.976436e-04 4.127195e-03 5.136426e-02
     1 8.162131e+00 2.836698e-03 3.970488e-03 1.102784e-03 3.202824e-03 5.976436e-04 4.127195e-03 5.136426e-02
     1 8.162131e+00 2.836698e-03 3.970488e-03 1.102784e-03 3.202824e-03 5.976436e-04 4.127195e-03 5.136426e-02
     1 8.162131e+00 2.836698e-03 3.970488e-03 1.102784e-03 3.202824e-03 5.976436e-04 4.127195e-03 5.136426e-02
     1 8.162131e+00 2.836698e-03 3.970488e-03 1.102784e-03 3.202824e-03 5.976436e-04 4.127195e-03 5.136426e-02
     1 8.162131e+00 2.836698e-03 3.970488e-03 1.102784e-03 3.202824e-03 5.976436e-04 4.127195e-03 5.136426e-02
     1 8.162131e+00 2.836698e-03 3.970488e-03 1.102784e-03 3.202824e-03 5.976436e-04 4.127195e-03 5.136426e-02
     1 8.162131e+00 2.836698e-03 3.970488e-03 1.102784e-03 3.202824e-03 5.976436e-04 4.127195e-03 5.136426e-02
     1 8.162131e+00 2.836698e-03 3.970488e-03 1.102784e-03 3.202824e-03 5.976436e-04 4.127195e-03 5.136426e-02
     1 8.162131e+00 2.836698e-03 3.970488e-03 1.102784e-03 3.202824e-03 5.976436e-04 4.127195e-03 5.136426e-02
     1 8.162131e+00 2.836698e-03 3.970488e-03 1.102784e-03 3.202824e-03 5.976436e-04 4.127195e-03 5.136426e-02
     1 7.564913e+00 2.854281e-03 3.884120e-03 9.551762e-04 3.251446e-03 2.724920e-04 4.313144e-03 5.083136e-02
     1 7.564913e+00 2.854281e-03 3.884120e-03 9.551762e-04 3.251446e-03 2.724920e-04 4.313144e-03 5.083136e-02
     1 7.564913e+00 2.854281e-03 3.884120e-03 9.551762e-04 3.251446e-03 2.724920e-04 4.313144e-03 5.083136e-02
