# Weight, Lnprob, different params     1 1.326004e+01 2.575686e-03 4.035632e-03 5.475762e-04 2.975417e-03 1.545102e-03 2.894105e-03 5.068519e-02
     1 1.326004e+01 2.575686e-03 4.035632e-03 5.475762e-04 2.975417e-03 1.545102e-03 2.894105e-03 5.068519e-02
     1 1.325684e+01 2.575790e-03 4.034894e-03 5.480357e-04 2.975039e-03 1.545242e-03 2.894965e-03 5.068335e-02
     1 1.325684e+01 2.575790e-03 4.034894e-03 5.480357e-04 2.975039e-03 1.545242e-03 2.894965e-03 5.068335e-02
     1 1.325684e+01 2.575790e-03 4.034894e-03 5.480357e-04 2.975039e-03 1.545242e-03 2.894965e-03 5.068335e-02
     1 1.396331e+01 2.552424e-03 4.200145e-03 4.451131e-04 3.059669e-03 1.513885e-03 2.702413e-03 5.109659e-02
     1 1.396331e+01 2.552424e-03 4.200145e-03 4.451131e-04 3.059669e-03 1.513885e-03 2.702413e-03 5.109659e-02
     1 1.396331e+01 2.552424e-03 4.200145e-03 4.451131e-04 3.059669e-03 1.513885e-03 2.702413e-03 5.109659e-02
     1 1.396331e+01 2.552424e-03 4.200145e-03 4.451131e-04 3.059669e-03 1.513885e-03 2.702413e-03 5.109659e-02
     1 8.813868e+00 2.797451e-03 3.678810e-03 5.541203e-04 3.600784e-03 1.910396e-03 3.136524e-03 4.937201e-02
     1 8.813868e+00 2.797451e-03 3.678810e-03 5.541203e-04 3.600784e-03 1.910396e-03 3.136524e-03 4.937201e-02
     1 8.757497e+00 2.753892e-03 3.514337e-03 2.869638e-05 3.564728e-03 1.593675e-03 3.234652e-03 4.792276e-02
     1 8.757497e+00 2.753892e-03 3.514337e-03 2.869638e-05 3.564728e-03 1.593675e-03 3.234652e-03 4.792276e-02
     1 8.757497e+00 2.753892e-03 3.514337e-03 2.869638e-05 3.564728e-03 1.593675e-03 3.234652e-03 4.792276e-02
     1 8.863294e+00 2.748886e-03 3.515819e-03 7.177529e-05 3.551891e-03 1.653581e-03 3.242963e-03 4.799204e-02
     1 9.000482e+00 2.739627e-03 3.517996e-03 7.431559e-05 3.520897e-03 1.632127e-03 3.191325e-03 4.800254e-02
     1 6.530304e+00 2.880765e-03 3.379708e-03 3.211817e-04 3.810731e-03 1.515615e-03 3.225484e-03 4.785038e-02
     1 6.530304e+00 2.880765e-03 3.379708e-03 3.211817e-04 3.810731e-03 1.515615e-03 3.225484e-03 4.785038e-02
     1 7.036450e+00 2.845703e-03 3.407049e-03 5.287722e-04 3.722372e-03 1.860457e-03 3.274894e-03 4.827895e-02
     1 7.036450e+00 2.845703e-03 3.407049e-03 5.287722e-04 3.722372e-03 1.860457e-03 3.274894e-03 4.827895e-02
