# Weight, Lnprob, different params     1 1.227215e+01 2.761835e-03 2.719147e-03 1.367517e-03 2.301206e-03 1.794916e-03 4.428084e-03 4.645358e-02
     1 1.227215e+01 2.761835e-03 2.719147e-03 1.367517e-03 2.301206e-03 1.794916e-03 4.428084e-03 4.645358e-02
     1 1.227215e+01 2.761835e-03 2.719147e-03 1.367517e-03 2.301206e-03 1.794916e-03 4.428084e-03 4.645358e-02
     1 1.227215e+01 2.761835e-03 2.719147e-03 1.367517e-03 2.301206e-03 1.794916e-03 4.428084e-03 4.645358e-02
     1 1.227215e+01 2.761835e-03 2.719147e-03 1.367517e-03 2.301206e-03 1.794916e-03 4.428084e-03 4.645358e-02
     1 1.227215e+01 2.761835e-03 2.719147e-03 1.367517e-03 2.301206e-03 1.794916e-03 4.428084e-03 4.645358e-02
     1 1.024310e+01 2.857366e-03 2.545474e-03 1.202666e-03 2.062100e-03 1.981019e-03 4.826554e-03 4.535687e-02
     1 1.024310e+01 2.857366e-03 2.545474e-03 1.202666e-03 2.062100e-03 1.981019e-03 4.826554e-03 4.535687e-02
     1 1.024310e+01 2.857366e-03 2.545474e-03 1.202666e-03 2.062100e-03 1.981019e-03 4.826554e-03 4.535687e-02
     1 8.665870e+00 2.918602e-03 2.614265e-03 1.268744e-03 2.089044e-03 2.085165e-03 4.900924e-03 4.583897e-02
     1 8.665870e+00 2.918602e-03 2.614265e-03 1.268744e-03 2.089044e-03 2.085165e-03 4.900924e-03 4.583897e-02
     1 8.552752e+00 2.917624e-03 2.652314e-03 1.276388e-03 2.154069e-03 2.151070e-03 4.912529e-03 4.605133e-02
     1 8.552752e+00 2.917624e-03 2.652314e-03 1.276388e-03 2.154069e-03 2.151070e-03 4.912529e-03 4.605133e-02
     1 8.552752e+00 2.917624e-03 2.652314e-03 1.276388e-03 2.154069e-03 2.151070e-03 4.912529e-03 4.605133e-02
     1 8.552752e+00 2.917624e-03 2.652314e-03 1.276388e-03 2.154069e-03 2.151070e-03 4.912529e-03 4.605133e-02
     1 6.335894e+00 2.922834e-03 2.857368e-03 1.322057e-03 2.552560e-03 2.488452e-03 4.952494e-03 4.712233e-02
     1 6.335894e+00 2.922834e-03 2.857368e-03 1.322057e-03 2.552560e-03 2.488452e-03 4.952494e-03 4.712233e-02
     1 6.335894e+00 2.922834e-03 2.857368e-03 1.322057e-03 2.552560e-03 2.488452e-03 4.952494e-03 4.712233e-02
     1 6.237360e+00 2.928583e-03 2.891170e-03 1.369173e-03 2.533087e-03 2.450834e-03 4.966072e-03 4.735181e-02
     1 6.624160e+00 2.904091e-03 2.871329e-03 1.377467e-03 2.517476e-03 2.429344e-03 4.932938e-03 4.726451e-02
