# Weight, Lnprob, different params     1 4.227005e+01 2.116871e-03 6.209432e-03 2.936734e-03 6.767435e-03 6.768758e-03 9.715452e-03 6.046516e-02
     1 4.227005e+01 2.116871e-03 6.209432e-03 2.936734e-03 6.767435e-03 6.768758e-03 9.715452e-03 6.046516e-02
     1 3.184668e+01 2.308691e-03 5.842414e-03 2.884612e-03 6.098326e-03 6.033016e-03 8.735760e-03 5.956578e-02
     1 3.184668e+01 2.308691e-03 5.842414e-03 2.884612e-03 6.098326e-03 6.033016e-03 8.735760e-03 5.956578e-02
     1 3.184668e+01 2.308691e-03 5.842414e-03 2.884612e-03 6.098326e-03 6.033016e-03 8.735760e-03 5.956578e-02
     1 3.184668e+01 2.308691e-03 5.842414e-03 2.884612e-03 6.098326e-03 6.033016e-03 8.735760e-03 5.956578e-02
     1 3.184668e+01 2.308691e-03 5.842414e-03 2.884612e-03 6.098326e-03 6.033016e-03 8.735760e-03 5.956578e-02
     1 2.884874e+01 2.366791e-03 5.695624e-03 2.817243e-03 6.034078e-03 5.796367e-03 8.492669e-03 5.910484e-02
     1 2.405817e+01 2.546513e-03 5.491947e-03 3.074991e-03 5.550687e-03 5.496570e-03 7.486181e-03 5.903528e-02
     1 2.405817e+01 2.546513e-03 5.491947e-03 3.074991e-03 5.550687e-03 5.496570e-03 7.486181e-03 5.903528e-02
     1 2.405817e+01 2.546513e-03 5.491947e-03 3.074991e-03 5.550687e-03 5.496570e-03 7.486181e-03 5.903528e-02
     1 2.058285e+01 2.580525e-03 5.264591e-03 2.782970e-03 5.313459e-03 4.653402e-03 6.786473e-03 5.797841e-02
     1 1.283493e+01 2.932506e-03 4.522128e-03 2.834236e-03 4.094176e-03 3.802465e-03 5.654515e-03 5.595637e-02
     1 1.400514e+01 2.933884e-03 4.695307e-03 2.978521e-03 4.273866e-03 3.955414e-03 5.723237e-03 5.670705e-02
     1 1.400514e+01 2.933884e-03 4.695307e-03 2.978521e-03 4.273866e-03 3.955414e-03 5.723237e-03 5.670705e-02
     1 1.434618e+01 2.851656e-03 4.682872e-03 2.487445e-03 4.495911e-03 3.830828e-03 6.688091e-03 5.584038e-02
     1 9.773643e+00 2.937917e-03 4.121017e-03 2.302180e-03 3.416929e-03 2.787394e-03 5.879112e-03 5.374934e-02
     1 7.226552e+00 3.019341e-03 3.918992e-03 2.473217e-03 2.610742e-03 2.024245e-03 5.555192e-03 5.331487e-02
     1 6.131455e+00 3.078454e-03 3.772323e-03 2.597389e-03 2.025451e-03 1.470199e-03 5.320026e-03 5.295708e-02
     1 6.131455e+00 3.078454e-03 3.772323e-03 2.597389e-03 2.025451e-03 1.470199e-03 5.320026e-03 5.295708e-02
