# Weight, Lnprob, different params     1 inf 1.167411e-03 1.464485e-03 1.965564e-03 1.410519e-03 9.055741e-04 2.583512e-03 3.535869e-02
     1 inf 1.167411e-03 1.464485e-03 1.965564e-03 1.410519e-03 9.055741e-04 2.583512e-03 3.535869e-02
     1 inf 1.167411e-03 1.464485e-03 1.965564e-03 1.410519e-03 9.055741e-04 2.583512e-03 3.535869e-02
     1 inf 1.167411e-03 1.464485e-03 1.965564e-03 1.410519e-03 9.055741e-04 2.583512e-03 3.535869e-02
     1 inf 1.167411e-03 1.464485e-03 1.965564e-03 1.410519e-03 9.055741e-04 2.583512e-03 3.535869e-02
     1 inf 1.167411e-03 1.464485e-03 1.965564e-03 1.410519e-03 9.055741e-04 2.583512e-03 3.535869e-02
     1 inf 1.167411e-03 1.464485e-03 1.965564e-03 1.410519e-03 9.055741e-04 2.583512e-03 3.535869e-02
     1 inf 1.167411e-03 1.464485e-03 1.965564e-03 1.410519e-03 9.055741e-04 2.583512e-03 3.535869e-02
     1 inf 1.167411e-03 1.464485e-03 1.965564e-03 1.410519e-03 9.055741e-04 2.583512e-03 3.535869e-02
     1 inf 1.167411e-03 1.464485e-03 1.965564e-03 1.410519e-03 9.055741e-04 2.583512e-03 3.535869e-02
     1 inf 1.167411e-03 1.464485e-03 1.965564e-03 1.410519e-03 9.055741e-04 2.583512e-03 3.535869e-02
     1 inf 1.167411e-03 1.464485e-03 1.965564e-03 1.410519e-03 9.055741e-04 2.583512e-03 3.535869e-02
     1 inf 1.167411e-03 1.464485e-03 1.965564e-03 1.410519e-03 9.055741e-04 2.583512e-03 3.535869e-02
     1 inf 1.167411e-03 1.464485e-03 1.965564e-03 1.410519e-03 9.055741e-04 2.583512e-03 3.535869e-02
     1 inf 1.167411e-03 1.464485e-03 1.965564e-03 1.410519e-03 9.055741e-04 2.583512e-03 3.535869e-02
     1 inf 1.167411e-03 1.464485e-03 1.965564e-03 1.410519e-03 9.055741e-04 2.583512e-03 3.535869e-02
     1 inf 1.167411e-03 1.464485e-03 1.965564e-03 1.410519e-03 9.055741e-04 2.583512e-03 3.535869e-02
     1 inf 1.167411e-03 1.464485e-03 1.965564e-03 1.410519e-03 9.055741e-04 2.583512e-03 3.535869e-02
     1 inf 1.167411e-03 1.464485e-03 1.965564e-03 1.410519e-03 9.055741e-04 2.583512e-03 3.535869e-02
     1 inf 1.167411e-03 1.464485e-03 1.965564e-03 1.410519e-03 9.055741e-04 2.583512e-03 3.535869e-02
