# Weight, Lnprob, different params     1 6.927428e+00 2.848245e-03 3.292347e-03 1.295054e-03 3.382848e-03 2.853842e-03 4.566052e-03 4.901680e-02
     1 6.310756e+00 2.911423e-03 3.330275e-03 1.266169e-03 3.417436e-03 2.753011e-03 4.576712e-03 4.913302e-02
     1 6.310756e+00 2.911423e-03 3.330275e-03 1.266169e-03 3.417436e-03 2.753011e-03 4.576712e-03 4.913302e-02
     1 6.133469e+00 2.921471e-03 3.244186e-03 1.288140e-03 3.446294e-03 3.042842e-03 4.637158e-03 4.881910e-02
     1 6.133469e+00 2.921471e-03 3.244186e-03 1.288140e-03 3.446294e-03 3.042842e-03 4.637158e-03 4.881910e-02
     1 5.321180e+00 3.026290e-03 3.205463e-03 1.272255e-03 3.567093e-03 2.461754e-03 4.614506e-03 4.860857e-02
     1 5.321180e+00 3.026290e-03 3.205463e-03 1.272255e-03 3.567093e-03 2.461754e-03 4.614506e-03 4.860857e-02
     1 5.136867e+00 3.054726e-03 3.144052e-03 1.243571e-03 3.666044e-03 2.495629e-03 4.592955e-03 4.830626e-02
     1 5.136867e+00 3.054726e-03 3.144052e-03 1.243571e-03 3.666044e-03 2.495629e-03 4.592955e-03 4.830626e-02
     1 6.210347e+00 2.916736e-03 3.274333e-03 1.187965e-03 3.338896e-03 2.927363e-03 4.890138e-03 4.877869e-02
     1 6.092151e+00 2.916917e-03 3.210355e-03 1.195794e-03 3.217752e-03 2.845731e-03 4.891184e-03 4.851652e-02
     1 6.107412e+00 2.904525e-03 3.162192e-03 1.378820e-03 3.025423e-03 3.034223e-03 5.068045e-03 4.861384e-02
     1 5.818540e+00 2.930074e-03 3.142277e-03 1.385511e-03 3.106241e-03 2.957224e-03 5.008024e-03 4.853585e-02
     1 5.818540e+00 2.930074e-03 3.142277e-03 1.385511e-03 3.106241e-03 2.957224e-03 5.008024e-03 4.853585e-02
     1 5.818540e+00 2.930074e-03 3.142277e-03 1.385511e-03 3.106241e-03 2.957224e-03 5.008024e-03 4.853585e-02
     1 5.818540e+00 2.930074e-03 3.142277e-03 1.385511e-03 3.106241e-03 2.957224e-03 5.008024e-03 4.853585e-02
     1 6.189002e+00 2.910294e-03 3.317719e-03 1.325620e-03 3.126700e-03 2.457388e-03 4.821435e-03 4.915675e-02
     1 5.795077e+00 2.931335e-03 3.131092e-03 1.389329e-03 3.104937e-03 2.989090e-03 5.019919e-03 4.849643e-02
     1 7.071600e+00 2.833252e-03 3.278931e-03 1.528750e-03 2.857648e-03 3.032692e-03 5.143772e-03 4.934217e-02
     1 6.756605e+00 2.894316e-03 2.838212e-03 1.280327e-03 3.767189e-03 4.016540e-03 6.656256e-03 4.701629e-02
