# Weight, Lnprob, different params     1 inf 1.445803e-03 3.506055e-03 1.358408e-03 3.151111e-03 -1.612372e-03 1.728189e-03 1.000000e+00
     1 inf 1.445803e-03 3.506055e-03 1.358408e-03 3.151111e-03 -1.612372e-03 1.728189e-03 1.000000e+00
     1 inf 1.445803e-03 3.506055e-03 1.358408e-03 3.151111e-03 -1.612372e-03 1.728189e-03 1.000000e+00
     1 inf 1.445803e-03 3.506055e-03 1.358408e-03 3.151111e-03 -1.612372e-03 1.728189e-03 1.000000e+00
     1 inf 1.445803e-03 3.506055e-03 1.358408e-03 3.151111e-03 -1.612372e-03 1.728189e-03 1.000000e+00
     1 inf 1.445803e-03 3.506055e-03 1.358408e-03 3.151111e-03 -1.612372e-03 1.728189e-03 1.000000e+00
     1 inf 1.445803e-03 3.506055e-03 1.358408e-03 3.151111e-03 -1.612372e-03 1.728189e-03 1.000000e+00
     1 inf 1.445803e-03 3.506055e-03 1.358408e-03 3.151111e-03 -1.612372e-03 1.728189e-03 1.000000e+00
     1 inf 1.445803e-03 3.506055e-03 1.358408e-03 3.151111e-03 -1.612372e-03 1.728189e-03 1.000000e+00
     1 inf 1.445803e-03 3.506055e-03 1.358408e-03 3.151111e-03 -1.612372e-03 1.728189e-03 1.000000e+00
     1 inf 1.445803e-03 3.506055e-03 1.358408e-03 3.151111e-03 -1.612372e-03 1.728189e-03 1.000000e+00
     1 inf 1.445803e-03 3.506055e-03 1.358408e-03 3.151111e-03 -1.612372e-03 1.728189e-03 1.000000e+00
     1 inf 1.445803e-03 3.506055e-03 1.358408e-03 3.151111e-03 -1.612372e-03 1.728189e-03 1.000000e+00
     1 inf 1.445803e-03 3.506055e-03 1.358408e-03 3.151111e-03 -1.612372e-03 1.728189e-03 1.000000e+00
     1 inf 1.445803e-03 3.506055e-03 1.358408e-03 3.151111e-03 -1.612372e-03 1.728189e-03 1.000000e+00
     1 inf 1.445803e-03 3.506055e-03 1.358408e-03 3.151111e-03 -1.612372e-03 1.728189e-03 1.000000e+00
     1 inf 1.445803e-03 3.506055e-03 1.358408e-03 3.151111e-03 -1.612372e-03 1.728189e-03 1.000000e+00
     1 3.750010e+01 2.177392e-03 3.402197e-03 2.064379e-03 2.674329e-03 3.668118e-04 2.141053e-03 5.050812e-02
     1 3.750010e+01 2.177392e-03 3.402197e-03 2.064379e-03 2.674329e-03 3.668118e-04 2.141053e-03 5.050812e-02
     1 3.750010e+01 2.177392e-03 3.402197e-03 2.064379e-03 2.674329e-03 3.668118e-04 2.141053e-03 5.050812e-02
