# Weight, Lnprob, different params     1 9.358393e+00 2.871781e-03 3.549390e-03 3.817015e-03 2.364591e-03 2.718688e-03 1.658101e-03 5.398660e-02
     1 6.295480e+00 3.039594e-03 3.549252e-03 3.997111e-03 2.281339e-03 2.968071e-03 1.599262e-03 5.430973e-02
     1 6.295480e+00 3.039594e-03 3.549252e-03 3.997111e-03 2.281339e-03 2.968071e-03 1.599262e-03 5.430973e-02
     1 6.295480e+00 3.039594e-03 3.549252e-03 3.997111e-03 2.281339e-03 2.968071e-03 1.599262e-03 5.430973e-02
     1 7.746145e+00 3.655525e-03 4.235122e-03 4.665471e-03 2.567831e-03 3.646613e-03 1.275453e-03 5.820664e-02
     1 7.746145e+00 3.655525e-03 4.235122e-03 4.665471e-03 2.567831e-03 3.646613e-03 1.275453e-03 5.820664e-02
     1 7.746145e+00 3.655525e-03 4.235122e-03 4.665471e-03 2.567831e-03 3.646613e-03 1.275453e-03 5.820664e-02
     1 7.746145e+00 3.655525e-03 4.235122e-03 4.665471e-03 2.567831e-03 3.646613e-03 1.275453e-03 5.820664e-02
     1 9.017227e+00 3.302360e-03 4.635358e-03 4.158983e-03 3.517722e-03 4.235732e-03 3.253260e-03 5.865423e-02
     1 8.293348e+00 3.155521e-03 5.030852e-03 4.873333e-03 3.897184e-03 4.513985e-03 2.329866e-03 6.101377e-02
     1 8.293348e+00 3.155521e-03 5.030852e-03 4.873333e-03 3.897184e-03 4.513985e-03 2.329866e-03 6.101377e-02
     1 8.293348e+00 3.155521e-03 5.030852e-03 4.873333e-03 3.897184e-03 4.513985e-03 2.329866e-03 6.101377e-02
     1 8.293348e+00 3.155521e-03 5.030852e-03 4.873333e-03 3.897184e-03 4.513985e-03 2.329866e-03 6.101377e-02
     1 8.293348e+00 3.155521e-03 5.030852e-03 4.873333e-03 3.897184e-03 4.513985e-03 2.329866e-03 6.101377e-02
     1 6.919576e+00 3.209836e-03 4.737038e-03 4.626542e-03 3.528694e-03 4.373519e-03 2.485247e-03 5.978095e-02
     1 6.919576e+00 3.209836e-03 4.737038e-03 4.626542e-03 3.528694e-03 4.373519e-03 2.485247e-03 5.978095e-02
     1 8.291523e+00 3.100898e-03 4.695841e-03 4.065350e-03 3.383965e-03 4.021099e-03 2.572077e-03 5.869353e-02
     1 8.291523e+00 3.100898e-03 4.695841e-03 4.065350e-03 3.383965e-03 4.021099e-03 2.572077e-03 5.869353e-02
     1 8.280457e+00 3.106748e-03 4.681502e-03 4.040608e-03 3.372014e-03 4.025414e-03 2.593310e-03 5.861121e-02
     1 1.099827e+01 3.353511e-03 5.886235e-03 7.360323e-03 3.040823e-03 6.071933e-03 1.949014e-03 6.713915e-02
