# Weight, Lnprob, different params     1 inf 1.801914e-03 2.835213e-03 7.151685e-04 1.603011e-03 2.494650e-04 1.990037e-03 4.560585e-02
     1 inf 1.801914e-03 2.835213e-03 7.151685e-04 1.603011e-03 2.494650e-04 1.990037e-03 4.560585e-02
     1 inf 1.801914e-03 2.835213e-03 7.151685e-04 1.603011e-03 2.494650e-04 1.990037e-03 4.560585e-02
     1 5.635469e+01 1.997572e-03 3.254814e-03 1.259621e-03 1.196692e-03 8.455508e-04 2.361995e-03 4.861652e-02
     1 3.541430e+01 2.149226e-03 3.459411e-03 1.072989e-03 1.663112e-03 1.029064e-03 2.501781e-03 4.926106e-02
     1 3.152860e+01 2.192771e-03 3.547889e-03 1.033402e-03 1.674315e-03 1.034541e-03 2.498156e-03 4.957701e-02
     1 2.513473e+01 2.246077e-03 4.094808e-03 5.927921e-04 1.536352e-03 1.093615e-03 2.482504e-03 5.098811e-02
     1 2.513473e+01 2.246077e-03 4.094808e-03 5.927921e-04 1.536352e-03 1.093615e-03 2.482504e-03 5.098811e-02
     1 2.513473e+01 2.246077e-03 4.094808e-03 5.927921e-04 1.536352e-03 1.093615e-03 2.482504e-03 5.098811e-02
     1 2.370714e+01 2.274823e-03 4.110777e-03 6.465139e-04 1.602724e-03 1.128455e-03 2.604306e-03 5.112609e-02
     1 9.648575e+00 2.755648e-03 3.875917e-03 1.935613e-03 1.265188e-03 1.565238e-03 3.069350e-03 5.239083e-02
     1 1.040789e+01 2.728689e-03 3.945372e-03 1.831468e-03 1.447438e-03 1.650553e-03 3.076036e-03 5.247738e-02
     1 1.040789e+01 2.728689e-03 3.945372e-03 1.831468e-03 1.447438e-03 1.650553e-03 3.076036e-03 5.247738e-02
     1 1.040789e+01 2.728689e-03 3.945372e-03 1.831468e-03 1.447438e-03 1.650553e-03 3.076036e-03 5.247738e-02
     1 1.040789e+01 2.728689e-03 3.945372e-03 1.831468e-03 1.447438e-03 1.650553e-03 3.076036e-03 5.247738e-02
     1 9.848050e+00 2.752765e-03 3.901872e-03 1.878577e-03 1.588652e-03 1.658982e-03 3.070367e-03 5.238328e-02
     1 9.907780e+00 2.747905e-03 3.894916e-03 1.875967e-03 1.586397e-03 1.657583e-03 3.029797e-03 5.235385e-02
     1 9.907780e+00 2.747905e-03 3.894916e-03 1.875967e-03 1.586397e-03 1.657583e-03 3.029797e-03 5.235385e-02
     1 9.907780e+00 2.747905e-03 3.894916e-03 1.875967e-03 1.586397e-03 1.657583e-03 3.029797e-03 5.235385e-02
     1 9.907780e+00 2.747905e-03 3.894916e-03 1.875967e-03 1.586397e-03 1.657583e-03 3.029797e-03 5.235385e-02
