# Weight, Lnprob, different params     1 1.719602e+01 2.433020e-03 4.188661e-03 2.471333e-03 2.924076e-04 2.172174e-03 3.189811e-03 5.450966e-02
     1 1.719602e+01 2.433020e-03 4.188661e-03 2.471333e-03 2.924076e-04 2.172174e-03 3.189811e-03 5.450966e-02
     1 1.719602e+01 2.433020e-03 4.188661e-03 2.471333e-03 2.924076e-04 2.172174e-03 3.189811e-03 5.450966e-02
     1 1.719602e+01 2.433020e-03 4.188661e-03 2.471333e-03 2.924076e-04 2.172174e-03 3.189811e-03 5.450966e-02
     1 1.409102e+01 2.558574e-03 3.952651e-03 2.232676e-03 1.090560e-03 2.197953e-03 3.415969e-03 5.319984e-02
     1 1.396520e+01 2.565109e-03 3.959481e-03 2.222595e-03 1.101415e-03 2.182172e-03 3.417095e-03 5.320784e-02
     1 1.160738e+01 2.651049e-03 3.962964e-03 1.868246e-03 1.766378e-03 1.680769e-03 3.641797e-03 5.256999e-02
     1 1.164365e+01 2.649540e-03 3.961715e-03 1.866901e-03 1.768633e-03 1.697490e-03 3.645199e-03 5.256422e-02
     1 9.629735e+00 2.909547e-03 4.060137e-03 1.976735e-03 1.470019e-03 2.412418e-03 4.059272e-03 5.316309e-02
     1 9.629735e+00 2.909547e-03 4.060137e-03 1.976735e-03 1.470019e-03 2.412418e-03 4.059272e-03 5.316309e-02
     1 8.899918e+00 2.789113e-03 3.584857e-03 5.585067e-04 2.816338e-04 1.383451e-03 4.906022e-03 4.903227e-02
     1 5.834666e+00 2.966081e-03 3.238222e-03 6.350692e-04 1.555902e-03 1.807256e-03 4.741989e-03 4.773217e-02
     1 7.499510e+00 2.830975e-03 3.368197e-03 4.485764e-04 7.975710e-04 2.007330e-03 5.023307e-03 4.800589e-02
     1 7.499510e+00 2.830975e-03 3.368197e-03 4.485764e-04 7.975710e-04 2.007330e-03 5.023307e-03 4.800589e-02
     1 7.499510e+00 2.830975e-03 3.368197e-03 4.485764e-04 7.975710e-04 2.007330e-03 5.023307e-03 4.800589e-02
     1 4.328730e+00 3.177544e-03 3.262236e-03 1.573559e-03 1.288408e-03 2.174855e-03 4.538961e-03 4.940598e-02
     1 4.328730e+00 3.177544e-03 3.262236e-03 1.573559e-03 1.288408e-03 2.174855e-03 4.538961e-03 4.940598e-02
     1 4.328730e+00 3.177544e-03 3.262236e-03 1.573559e-03 1.288408e-03 2.174855e-03 4.538961e-03 4.940598e-02
     1 4.478147e+00 3.106786e-03 3.305359e-03 1.674149e-03 1.456018e-03 2.492283e-03 4.455495e-03 4.975711e-02
     1 4.478147e+00 3.106786e-03 3.305359e-03 1.674149e-03 1.456018e-03 2.492283e-03 4.455495e-03 4.975711e-02
