# Weight, Lnprob, different params     1 2.852555e+01 2.172372e-03 4.427304e-03 2.384974e-03 3.094048e-03 1.211402e-03 4.588172e-03 5.496505e-02
     1 2.852555e+01 2.172372e-03 4.427304e-03 2.384974e-03 3.094048e-03 1.211402e-03 4.588172e-03 5.496505e-02
     1 2.852555e+01 2.172372e-03 4.427304e-03 2.384974e-03 3.094048e-03 1.211402e-03 4.588172e-03 5.496505e-02
     1 1.912983e+01 2.361777e-03 4.297062e-03 2.019410e-03 3.125061e-03 1.036414e-03 4.456744e-03 5.393551e-02
     1 1.912983e+01 2.361777e-03 4.297062e-03 2.019410e-03 3.125061e-03 1.036414e-03 4.456744e-03 5.393551e-02
     1 1.912983e+01 2.361777e-03 4.297062e-03 2.019410e-03 3.125061e-03 1.036414e-03 4.456744e-03 5.393551e-02
     1 1.431569e+01 2.506621e-03 4.197461e-03 1.739852e-03 3.148778e-03 9.025950e-04 4.356236e-03 5.314974e-02
     1 1.431569e+01 2.506621e-03 4.197461e-03 1.739852e-03 3.148778e-03 9.025950e-04 4.356236e-03 5.314974e-02
     1 1.431569e+01 2.506621e-03 4.197461e-03 1.739852e-03 3.148778e-03 9.025950e-04 4.356236e-03 5.314974e-02
     1 1.211555e+01 2.943994e-03 4.482526e-03 1.897120e-03 3.147815e-03 1.939510e-03 5.439773e-03 5.428915e-02
     1 1.211555e+01 2.943994e-03 4.482526e-03 1.897120e-03 3.147815e-03 1.939510e-03 5.439773e-03 5.428915e-02
     1 1.059295e+01 2.918406e-03 4.360415e-03 1.707686e-03 3.160934e-03 1.619500e-03 5.126748e-03 5.361517e-02
     1 1.059295e+01 2.918406e-03 4.360415e-03 1.707686e-03 3.160934e-03 1.619500e-03 5.126748e-03 5.361517e-02
     1 1.059295e+01 2.918406e-03 4.360415e-03 1.707686e-03 3.160934e-03 1.619500e-03 5.126748e-03 5.361517e-02
     1 1.357522e+01 3.169438e-03 4.498214e-03 2.102377e-03 1.782045e-03 1.778965e-03 6.548687e-03 5.463763e-02
     1 1.357522e+01 3.169438e-03 4.498214e-03 2.102377e-03 1.782045e-03 1.778965e-03 6.548687e-03 5.463763e-02
     1 1.357522e+01 3.169438e-03 4.498214e-03 2.102377e-03 1.782045e-03 1.778965e-03 6.548687e-03 5.463763e-02
     1 1.357522e+01 3.169438e-03 4.498214e-03 2.102377e-03 1.782045e-03 1.778965e-03 6.548687e-03 5.463763e-02
     1 1.357522e+01 3.169438e-03 4.498214e-03 2.102377e-03 1.782045e-03 1.778965e-03 6.548687e-03 5.463763e-02
     1 8.618160e+00 3.359763e-03 3.939474e-03 2.523804e-03 1.918948e-03 2.019717e-03 5.440352e-03 5.353331e-02
