# Weight, Lnprob, different params     1 1.157064e+01 2.956313e-03 4.368333e-03 1.619146e-03 1.751222e-03 1.237475e-03 3.484475e-03 5.351118e-02
     1 1.157064e+01 2.956313e-03 4.368333e-03 1.619146e-03 1.751222e-03 1.237475e-03 3.484475e-03 5.351118e-02
     1 1.157064e+01 2.956313e-03 4.368333e-03 1.619146e-03 1.751222e-03 1.237475e-03 3.484475e-03 5.351118e-02
     1 1.157064e+01 2.956313e-03 4.368333e-03 1.619146e-03 1.751222e-03 1.237475e-03 3.484475e-03 5.351118e-02
     1 1.157064e+01 2.956313e-03 4.368333e-03 1.619146e-03 1.751222e-03 1.237475e-03 3.484475e-03 5.351118e-02
     1 1.156730e+01 2.945385e-03 4.363782e-03 1.587379e-03 1.786626e-03 1.244954e-03 3.463314e-03 5.344446e-02
     1 1.062686e+01 3.012979e-03 4.192359e-03 1.729647e-03 1.873191e-03 1.410925e-03 3.536181e-03 5.309492e-02
     1 7.735981e+00 3.031045e-03 3.738720e-03 1.519305e-03 2.649021e-03 1.880314e-03 3.993483e-03 5.113041e-02
     1 7.735981e+00 3.031045e-03 3.738720e-03 1.519305e-03 2.649021e-03 1.880314e-03 3.993483e-03 5.113041e-02
     1 5.176891e+00 3.218479e-03 3.451785e-03 2.020415e-03 2.555733e-03 2.145920e-03 3.997434e-03 5.086901e-02
     1 6.942869e+00 2.969325e-03 3.414039e-03 4.217702e-04 4.031123e-03 2.048589e-03 4.143227e-03 4.816767e-02
     1 6.942869e+00 2.969325e-03 3.414039e-03 4.217702e-04 4.031123e-03 2.048589e-03 4.143227e-03 4.816767e-02
     1 6.942869e+00 2.969325e-03 3.414039e-03 4.217702e-04 4.031123e-03 2.048589e-03 4.143227e-03 4.816767e-02
     1 7.147915e+00 2.931934e-03 3.465907e-03 4.294860e-05 4.002340e-03 2.086501e-03 4.334700e-03 4.778407e-02
     1 7.073826e+00 2.937650e-03 3.471438e-03 1.998573e-05 4.183764e-03 2.090983e-03 4.295717e-03 4.778141e-02
     1 7.073826e+00 2.937650e-03 3.471438e-03 1.998573e-05 4.183764e-03 2.090983e-03 4.295717e-03 4.778141e-02
     1 7.073826e+00 2.937650e-03 3.471438e-03 1.998573e-05 4.183764e-03 2.090983e-03 4.295717e-03 4.778141e-02
     1 7.073826e+00 2.937650e-03 3.471438e-03 1.998573e-05 4.183764e-03 2.090983e-03 4.295717e-03 4.778141e-02
     1 7.073826e+00 2.937650e-03 3.471438e-03 1.998573e-05 4.183764e-03 2.090983e-03 4.295717e-03 4.778141e-02
     1 7.073826e+00 2.937650e-03 3.471438e-03 1.998573e-05 4.183764e-03 2.090983e-03 4.295717e-03 4.778141e-02
